0 Utility Pole
0 Name: infrastructure_utilitypole_a.ldr
0 Author: David VinZant, Michael Horvath
0 
0 ROTATION CENTER 0 0 0 1 "Custom" 
0 ROTATION CONFIG 0 0
0 STEP
1 6 0 -24 0 1 0 0 0 1 0 0 0 1 3062b.dat
1 6 0 -48 0 1 0 0 0 1 0 0 0 1 3062b.dat
1 6 0 -72 0 1 0 0 0 1 0 0 0 1 3062b.dat
1 6 0 -96 0 1 0 0 0 1 0 0 0 1 3062b.dat
1 6 0 -120 0 1 0 0 0 1 0 0 0 1 3062b.dat
0 STEP
1 6 0 -144 0 1 0 0 0 1 0 0 0 1 3062b.dat
1 6 0 -168 0 1 0 0 0 1 0 0 0 1 3062b.dat
1 6 0 -192 0 1 0 0 0 1 0 0 0 1 3062b.dat
1 6 0 -216 0 1 0 0 0 1 0 0 0 1 3062b.dat
1 6 0 -240 0 1 0 0 0 1 0 0 0 1 3062b.dat
0 STEP
1 6 0 -264 0 1 0 0 0 1 0 0 0 1 3062b.dat
1 6 0 -288 0 1 0 0 0 1 0 0 0 1 3062b.dat
1 6 0 -312 0 1 0 0 0 1 0 0 0 1 3062b.dat
1 6 0 -336 0 1 0 0 0 1 0 0 0 1 3062b.dat
1 6 0 -360 0 1 0 0 0 1 0 0 0 1 3062b.dat
0 STEP
1 7 0 -369 0 -0.707107 0 0.707107 0 1 0 -0.707107 0 -0.707107 32056.dat
1 6 0 -398 0 0 0 1 0 1 0 -1 0 0 3062b.dat
1 6 0 -422 0 0 0 1 0 1 0 -1 0 0 4733.dat
1 6 0 -446 0 0 0 1 0 1 0 -1 0 0 3062b.dat
1 6 0 -470 0 0 0 1 0 1 0 -1 0 0 3062b.dat
1 6 0 -494 0 0 0 1 0 1 0 -1 0 0 4733.dat
1 6 0 -518 0 0 0 1 0 1 0 -1 0 0 3062b.dat
0 STEP
1 6 34 -412 0 0 -1 0 -1 0 0 0 0 -1 3062b.dat
1 6 58 -412 0 0 -1 0 -1 0 0 0 0 -1 3062b.dat
1 0 66 -412 0 0 -1 0 0 0 1 -1 0 0 4081b.dat
1 47 64 -432 -12 0.707107 0 0.707107 0.707107 0 -0.707107 0 1 0 6141.dat
1 47 64 -432 12 -0.707107 0 -0.707107 0.707107 0 -0.707107 0 -1 0 6141.dat
1 6 90 -412 0 0 -1 0 -1 0 0 0 0 -1 6141.dat
1 6 82 -412 0 0 -1 0 -1 0 0 0 0 -1 6141.dat
1 6 74 -412 0 0 -1 0 -1 0 0 0 0 -1 6141.dat
0 STEP
1 6 34 -484 0 0 -1 0 -1 0 0 0 0 -1 3062b.dat
1 6 58 -484 0 0 -1 0 -1 0 0 0 0 -1 3062b.dat
1 0 66 -484 0 0 -1 0 0 0 1 -1 0 0 4081b.dat
1 47 64 -504 12 -0.707107 0 -0.707107 0.707107 0 -0.707107 0 -1 0 6141.dat
1 47 64 -504 -12 0.707107 0 0.707107 0.707107 0 -0.707107 0 1 0 6141.dat
1 6 90 -484 0 0 -1 0 -1 0 0 0 0 -1 6141.dat
1 6 82 -484 0 0 -1 0 -1 0 0 0 0 -1 6141.dat
1 6 74 -484 0 0 -1 0 -1 0 0 0 0 -1 6141.dat
0 STEP
1 6 -34 -412 0 0 1 0 -1 0 0 0 0 1 3062b.dat
1 6 -58.001 -412 0 0 1 0 -1 0 0 0 0 1 3062b.dat
1 0 -66 -412 0 0 1 0 0 0 1 1 0 0 4081b.dat
1 47 -64 -432 12 -0.707107 0 -0.707107 0.707107 0 -0.707107 0 -1 0 6141.dat
1 47 -64 -432 -12 0.707107 0 0.707107 0.707107 0 -0.707107 0 1 0 6141.dat
1 6 -90 -412 0 0 1 0 -1 0 0 0 0 1 6141.dat
1 6 -82 -412 0 0 1 0 -1 0 0 0 0 1 6141.dat
1 6 -74 -412 0 0 1 0 -1 0 0 0 0 1 6141.dat
0 STEP
1 6 -34 -484 0 0 1 0 -1 0 0 0 0 1 3062b.dat
1 6 -58.001 -484 0 0 1 0 -1 0 0 0 0 1 3062b.dat
1 0 -66 -484 0 0 1 0 0 0 1 1 0 0 4081b.dat
1 47 -64 -504 -12 0.707107 0 0.707107 0.707107 0 -0.707107 0 1 0 6141.dat
1 47 -64 -504 12 -0.707107 0 -0.707107 0.707107 0 -0.707107 0 -1 0 6141.dat
1 6 -90 -484 0 0 1 0 -1 0 0 0 0 1 6141.dat
1 6 -82 -484 0 0 1 0 -1 0 0 0 0 1 6141.dat
1 6 -74 -484 0 0 1 0 -1 0 0 0 0 1 6141.dat
0 STEP
1 0 -28.343 -389 -28.284 0 -0.707107 0.707107 1 0 0 0 0.707107 0.707107 4519.dat
1 7 -28.343 -379 -28.284 1 0 0 0 0 1 0 -1 0 32123a.dat
0 STEP
1 7 -28.343 -404 -28.284 0.707107 0 0.707107 0 1 0 -0.707107 0 0.707107 6143.dat
1 7 -28.343 -428 -28.284 0.707107 0 0.707107 0 1 0 -0.707107 0 0.707107 6143.dat
1 7 -28.343 -436 -28.284 0.707107 0 0.707107 0 1 0 -0.707107 0 0.707107 6141.dat
0 STEP
1 7 -28.343 -444 -28.284 0.707107 0 0.707107 0 1 0 -0.707107 0 0.707107 4740.dat
1 0 28.226 -389 -28.284 0 -0.707107 0.707107 1 0 0 0 0.707107 0.707107 4519.dat
1 7 28.226 -379 -28.284 1 0 0 0 0 1 0 -1 0 32123a.dat
0 STEP
1 7 28.226 -404 -28.284 0.707107 0 0.707107 0 1 0 -0.707107 0 0.707107 6143.dat
1 7 28.226 -428 -28.284 0.707107 0 0.707107 0 1 0 -0.707107 0 0.707107 6143.dat
1 7 28.226 -436 -28.284 0.707107 0 0.707107 0 1 0 -0.707107 0 0.707107 6141.dat
0 STEP
1 7 28.226 -444 -28.284 0.707107 0 0.707107 0 1 0 -0.707107 0 0.707107 4740.dat
0
