0 ROTATION CENTER 0 0 0 1 "Custom"
0 ROTATION CONFIG 0 0
1 15 -309.7854919158559 -61.89070159540006 296 0.9997751842169458 0 0.0212033257762124 0.0212033257762124 0 -0.9997751842169458 0 1 0 3005.dat
1 15 -280.03847701508107 -60.41152049684852 296 0.9970663290348624 0 0.07654237718377663 0.07654237718377663 0 -0.9970663290348624 0 1 0 3004.dat
1 15 -240.27499656328453 -56.090443346276515 296 0.9905680708151768 0 0.13702152050498745 0.13702152050498745 0 -0.9905680708151768 0 1 0 3004.dat
1 15 -200.79352292138373 -49.62828711456735 296 0.9829370983066138 0 0.1839420038288545 0.1839420038288545 0 -0.9829370983066138 0 1 0 3004.dat
1 15 -161.61968717021065 -41.522456719106046 296 0.9755948756689045 0 0.21957831989651175 0.21957831989651175 0 -0.9755948756689045 0 1 0 3004.dat
1 15 -122.72104010471858 -32.1853935485736 296 0.9693274023049029 0 0.24577303989825447 0.24577303989825447 0 -0.9693274023049029 0 1 0 3004.dat
1 15 -84.05571317382856 -21.96896542678561 296 0.9645546390478303 0 0.2638832095668644 0.2638832095668644 0 -0.9645546390478303 0 1 0 3004.dat
1 15 -45.540424220624345 -11.171535595889594 296 0.96148744214943 0 0.27484886499482996 0.27484886499482996 0 -0.96148744214943 0 1 0 3004.dat
1 15 -7.117484492154347 -0.07024905706198581 296 0.9602269766683656 0 0.27922061757386385 0.27922061757386385 0 -0.9602269766683656 0 1 0 3004.dat
1 15 31.29547382213366 11.07930562815362 296 0.9608067471209702 0 0.2772190373816705 0.2772190373816705 0 -0.9608067471209702 0 1 0 3004.dat
1 15 69.77314971118659 22.021553061326543 296 0.9632122546788487 0 0.26874179510542967 0.26874179510542967 0 -0.9632122546788487 0 1 0 3004.dat
1 15 108.3827534411239 32.488673794593666 296 0.9673716718184211 0 0.25336149779165923 0.25336149779165923 0 -0.9673716718184211 0 1 0 3004.dat
1 15 147.18571280178526 42.188679877097826 296 0.9731204738542207 0 0.23029664210695103 0.23029664210695103 0 -0.9731204738542207 0 1 0 3004.dat
1 15 186.23946203802598 50.792081969692546 296 0.9801297783927845 0 0.19835729759126902 0.19835729759126902 0 -0.9801297783927845 0 1 0 3004.dat
1 15 225.59639913065791 57.915042272816976 296 0.9877766358804455 0 0.15587596866967665 0.15587596866967665 0 -0.9877766358804455 0 1 0 3004.dat
1 15 265.252669438818 63.093087593446086 296 0.9949140588156263 0 0.10072743206801411 0.10072743206801411 0 -0.9949140588156263 0 1 0 3004.dat
1 15 294.85081030944763 65.35453343926383 296 0.9987419526018341 0 0.050144911138378045 0.050144911138378045 0 -0.9987419526018341 0 1 0 3005.dat
1 15 -299.50423542124434 -61.56780827730416 272 0.99914333325144 0 0.0413835670188296 0.0413835670188296 0 -0.99914333325144 0 1 0 3004.dat
1 15 -259.6316332574563 -58.49914513507228 272 0.9939999403701536 0 0.10938061320056241 0.10938061320056241 0 -0.9939999403701536 0 1 0 3004.dat
1 15 -220.01042281263955 -53.01392215672696 272 0.9866919851469404 0 0.1626005118281913 0.1626005118281913 0 -0.9866919851469404 0 1 0 3004.dat
1 15 -180.69383580739628 -45.654579483290036 272 0.979080149731422 0 0.20347496259219847 0.20347496259219847 0 -0.979080149731422 0 1 0 3004.dat
1 15 -141.66182524281606 -36.86997199229938 272 0.9722173439668081 0 0.234079977977881 0.234079977977881 0 -0.9722173439668081 0 1 0 3004.dat
1 15 -102.89083930570322 -27.042244641094584 272 0.9666791868992317 0 0.2559909170573057 0.2559909170573057 0 -0.9666791868992317 0 1 0 3004.dat
1 15 -64.31197005419167 -16.49286660466187 272 0.9627621204799077 0 0.2703499572203253 0.2703499572203253 0 -0.9627621204799077 0 1 0 3004.dat
1 15 -25.85489611688689 -5.507425669239069 272 0.9606128683732432 0 0.27789011698102916 0.27789011698102916 0 -0.9606128683732432 0 1 0 3004.dat
1 15 12.561334969772247 5.652601887564487 272 0.9602939519074563 0 0.2789901896661602 0.2789901896661602 0 -0.9602939519074563 0 1 0 3004.dat
1 15 51.0003607371595 16.728851814974234 272 0.9618142473867567 0 0.27370303893790926 0.27370303893790926 0 -0.9618142473867567 0 1 0 3004.dat
1 15 89.54169923547613 27.463415184629895 272 0.9651325900902017 0 0.26176150126743014 0.26176150126743014 0 -0.9651325900902017 0 1 0 3004.dat
1 15 128.2495492682371 37.57748734624312 272 0.9701362883035514 0 0.2425604710512586 0.2425604710512586 0 -0.9701362883035514 0 1 0 3004.dat
1 15 167.17855784791538 46.76035804974806 272 0.9765878319691491 0 0.21511905180573096 0.21511905180573096 0 -0.9765878319691491 0 1 0 3004.dat
1 15 206.3896936170604 54.658166518076115 272 0.984029411883491 0 0.17800594526091176 0.17800594526091176 0 -0.984029411883491 0 1 0 3004.dat
1 15 245.9055112690835 60.84712754129353 272 0.9916033475688472 0 0.12931666980809586 0.12931666980809586 0 -0.9916033475688472 0 1 0 3004.dat
1 15 285.7125117938974 64.8190892211876 272 0.9977734774467857 0 0.06669398551405221 0.06669398551405221 0 -0.9977734774467857 0 1 0 3004.dat
1 15 -309.7854919158559 -61.89070159540006 248 0.9997751842169458 0 0.0212033257762124 0.0212033257762124 0 -0.9997751842169458 0 1 0 3005.dat
1 15 -280.03847701508107 -60.41152049684852 248 0.9970663290348624 0 0.07654237718377663 0.07654237718377663 0 -0.9970663290348624 0 1 0 3004.dat
1 15 -240.27499656328453 -56.090443346276515 248 0.9905680708151768 0 0.13702152050498745 0.13702152050498745 0 -0.9905680708151768 0 1 0 3004.dat
1 15 -200.79352292138373 -49.62828711456735 248 0.9829370983066138 0 0.1839420038288545 0.1839420038288545 0 -0.9829370983066138 0 1 0 3004.dat
1 15 -161.61968717021065 -41.522456719106046 248 0.9755948756689045 0 0.21957831989651175 0.21957831989651175 0 -0.9755948756689045 0 1 0 3004.dat
1 15 -122.72104010471858 -32.1853935485736 248 0.9693274023049029 0 0.24577303989825447 0.24577303989825447 0 -0.9693274023049029 0 1 0 3004.dat
1 15 -84.05571317382856 -21.96896542678561 248 0.9645546390478303 0 0.2638832095668644 0.2638832095668644 0 -0.9645546390478303 0 1 0 3004.dat
1 15 -45.540424220624345 -11.171535595889594 248 0.96148744214943 0 0.27484886499482996 0.27484886499482996 0 -0.96148744214943 0 1 0 3004.dat
1 15 -7.117484492154347 -0.07024905706198581 248 0.9602269766683656 0 0.27922061757386385 0.27922061757386385 0 -0.9602269766683656 0 1 0 3004.dat
1 15 31.29547382213366 11.07930562815362 248 0.9608067471209702 0 0.2772190373816705 0.2772190373816705 0 -0.9608067471209702 0 1 0 3004.dat
1 15 69.77314971118659 22.021553061326543 248 0.9632122546788487 0 0.26874179510542967 0.26874179510542967 0 -0.9632122546788487 0 1 0 3004.dat
1 15 108.3827534411239 32.488673794593666 248 0.9673716718184211 0 0.25336149779165923 0.25336149779165923 0 -0.9673716718184211 0 1 0 3004.dat
1 15 147.18571280178526 42.188679877097826 248 0.9731204738542207 0 0.23029664210695103 0.23029664210695103 0 -0.9731204738542207 0 1 0 3004.dat
1 15 186.23946203802598 50.792081969692546 248 0.9801297783927845 0 0.19835729759126902 0.19835729759126902 0 -0.9801297783927845 0 1 0 3004.dat
1 15 225.59639913065791 57.915042272816976 248 0.9877766358804455 0 0.15587596866967665 0.15587596866967665 0 -0.9877766358804455 0 1 0 3004.dat
1 15 265.252669438818 63.093087593446086 248 0.9949140588156263 0 0.10072743206801411 0.10072743206801411 0 -0.9949140588156263 0 1 0 3004.dat
1 15 294.85081030944763 65.35453343926383 248 0.9987419526018341 0 0.050144911138378045 0.050144911138378045 0 -0.9987419526018341 0 1 0 3005.dat
1 15 -299.50423542124434 -61.56780827730416 224 0.99914333325144 0 0.0413835670188296 0.0413835670188296 0 -0.99914333325144 0 1 0 3004.dat
1 15 -259.6316332574563 -58.49914513507228 224 0.9939999403701536 0 0.10938061320056241 0.10938061320056241 0 -0.9939999403701536 0 1 0 3004.dat
1 15 -220.01042281263955 -53.01392215672696 224 0.9866919851469404 0 0.1626005118281913 0.1626005118281913 0 -0.9866919851469404 0 1 0 3004.dat
1 15 -180.69383580739628 -45.654579483290036 224 0.979080149731422 0 0.20347496259219847 0.20347496259219847 0 -0.979080149731422 0 1 0 3004.dat
1 15 -141.66182524281606 -36.86997199229938 224 0.9722173439668081 0 0.234079977977881 0.234079977977881 0 -0.9722173439668081 0 1 0 3004.dat
1 15 -102.89083930570322 -27.042244641094584 224 0.9666791868992317 0 0.2559909170573057 0.2559909170573057 0 -0.9666791868992317 0 1 0 3004.dat
1 15 -64.31197005419167 -16.49286660466187 224 0.9627621204799077 0 0.2703499572203253 0.2703499572203253 0 -0.9627621204799077 0 1 0 3004.dat
1 15 -25.85489611688689 -5.507425669239069 224 0.9606128683732432 0 0.27789011698102916 0.27789011698102916 0 -0.9606128683732432 0 1 0 3004.dat
1 15 12.561334969772247 5.652601887564487 224 0.9602939519074563 0 0.2789901896661602 0.2789901896661602 0 -0.9602939519074563 0 1 0 3004.dat
1 15 51.0003607371595 16.728851814974234 224 0.9618142473867567 0 0.27370303893790926 0.27370303893790926 0 -0.9618142473867567 0 1 0 3004.dat
1 15 89.54169923547613 27.463415184629895 224 0.9651325900902017 0 0.26176150126743014 0.26176150126743014 0 -0.9651325900902017 0 1 0 3004.dat
1 15 128.2495492682371 37.57748734624312 224 0.9701362883035514 0 0.2425604710512586 0.2425604710512586 0 -0.9701362883035514 0 1 0 3004.dat
1 15 167.17855784791538 46.76035804974806 224 0.9765878319691491 0 0.21511905180573096 0.21511905180573096 0 -0.9765878319691491 0 1 0 3004.dat
1 15 206.3896936170604 54.658166518076115 224 0.984029411883491 0 0.17800594526091176 0.17800594526091176 0 -0.984029411883491 0 1 0 3004.dat
1 15 245.9055112690835 60.84712754129353 224 0.9916033475688472 0 0.12931666980809586 0.12931666980809586 0 -0.9916033475688472 0 1 0 3004.dat
1 15 285.7125117938974 64.8190892211876 224 0.9977734774467857 0 0.06669398551405221 0.06669398551405221 0 -0.9977734774467857 0 1 0 3004.dat
1 15 -309.7854919158559 -61.89070159540006 200 0.9997751842169458 0 0.0212033257762124 0.0212033257762124 0 -0.9997751842169458 0 1 0 3005.dat
1 15 -280.03847701508107 -60.41152049684852 200 0.9970663290348624 0 0.07654237718377663 0.07654237718377663 0 -0.9970663290348624 0 1 0 3004.dat
1 15 -240.27499656328453 -56.090443346276515 200 0.9905680708151768 0 0.13702152050498745 0.13702152050498745 0 -0.9905680708151768 0 1 0 3004.dat
1 15 -200.79352292138373 -49.62828711456735 200 0.9829370983066138 0 0.1839420038288545 0.1839420038288545 0 -0.9829370983066138 0 1 0 3004.dat
1 15 -161.61968717021065 -41.522456719106046 200 0.9755948756689045 0 0.21957831989651175 0.21957831989651175 0 -0.9755948756689045 0 1 0 3004.dat
1 15 -122.72104010471858 -32.1853935485736 200 0.9693274023049029 0 0.24577303989825447 0.24577303989825447 0 -0.9693274023049029 0 1 0 3004.dat
1 15 -84.05571317382856 -21.96896542678561 200 0.9645546390478303 0 0.2638832095668644 0.2638832095668644 0 -0.9645546390478303 0 1 0 3004.dat
1 15 -45.540424220624345 -11.171535595889594 200 0.96148744214943 0 0.27484886499482996 0.27484886499482996 0 -0.96148744214943 0 1 0 3004.dat
1 15 -7.117484492154347 -0.07024905706198581 200 0.9602269766683656 0 0.27922061757386385 0.27922061757386385 0 -0.9602269766683656 0 1 0 3004.dat
1 15 31.29547382213366 11.07930562815362 200 0.9608067471209702 0 0.2772190373816705 0.2772190373816705 0 -0.9608067471209702 0 1 0 3004.dat
1 15 69.77314971118659 22.021553061326543 200 0.9632122546788487 0 0.26874179510542967 0.26874179510542967 0 -0.9632122546788487 0 1 0 3004.dat
1 15 108.3827534411239 32.488673794593666 200 0.9673716718184211 0 0.25336149779165923 0.25336149779165923 0 -0.9673716718184211 0 1 0 3004.dat
1 15 147.18571280178526 42.188679877097826 200 0.9731204738542207 0 0.23029664210695103 0.23029664210695103 0 -0.9731204738542207 0 1 0 3004.dat
1 15 186.23946203802598 50.792081969692546 200 0.9801297783927845 0 0.19835729759126902 0.19835729759126902 0 -0.9801297783927845 0 1 0 3004.dat
1 15 225.59639913065791 57.915042272816976 200 0.9877766358804455 0 0.15587596866967665 0.15587596866967665 0 -0.9877766358804455 0 1 0 3004.dat
1 15 265.252669438818 63.093087593446086 200 0.9949140588156263 0 0.10072743206801411 0.10072743206801411 0 -0.9949140588156263 0 1 0 3004.dat
1 15 294.85081030944763 65.35453343926383 200 0.9987419526018341 0 0.050144911138378045 0.050144911138378045 0 -0.9987419526018341 0 1 0 3005.dat
1 14 -299.50423542124434 -61.56780827730416 192 0.99914333325144 0 0.0413835670188296 0.0413835670188296 0 -0.99914333325144 0 1 0 road_connect_1.ldr
1 14 -259.6316332574563 -58.49914513507228 192 0.9939999403701536 0 0.10938061320056241 0.10938061320056241 0 -0.9939999403701536 0 1 0 road_connect_1.ldr
1 14 -220.01042281263955 -53.01392215672696 192 0.9866919851469404 0 0.1626005118281913 0.1626005118281913 0 -0.9866919851469404 0 1 0 road_connect_1.ldr
1 14 -180.69383580739628 -45.654579483290036 192 0.979080149731422 0 0.20347496259219847 0.20347496259219847 0 -0.979080149731422 0 1 0 road_connect_1.ldr
1 14 -141.66182524281606 -36.86997199229938 192 0.9722173439668081 0 0.234079977977881 0.234079977977881 0 -0.9722173439668081 0 1 0 road_connect_1.ldr
1 14 -102.89083930570322 -27.042244641094584 192 0.9666791868992317 0 0.2559909170573057 0.2559909170573057 0 -0.9666791868992317 0 1 0 road_connect_1.ldr
1 14 -64.31197005419167 -16.49286660466187 192 0.9627621204799077 0 0.2703499572203253 0.2703499572203253 0 -0.9627621204799077 0 1 0 road_connect_1.ldr
1 14 -25.85489611688689 -5.507425669239069 192 0.9606128683732432 0 0.27789011698102916 0.27789011698102916 0 -0.9606128683732432 0 1 0 road_connect_1.ldr
1 14 12.561334969772247 5.652601887564487 192 0.9602939519074563 0 0.2789901896661602 0.2789901896661602 0 -0.9602939519074563 0 1 0 road_connect_1.ldr
1 14 51.0003607371595 16.728851814974234 192 0.9618142473867567 0 0.27370303893790926 0.27370303893790926 0 -0.9618142473867567 0 1 0 road_connect_1.ldr
1 14 89.54169923547613 27.463415184629895 192 0.9651325900902017 0 0.26176150126743014 0.26176150126743014 0 -0.9651325900902017 0 1 0 road_connect_1.ldr
1 14 128.2495492682371 37.57748734624312 192 0.9701362883035514 0 0.2425604710512586 0.2425604710512586 0 -0.9701362883035514 0 1 0 road_connect_1.ldr
1 14 167.17855784791538 46.76035804974806 192 0.9765878319691491 0 0.21511905180573096 0.21511905180573096 0 -0.9765878319691491 0 1 0 road_connect_1.ldr
1 14 206.3896936170604 54.658166518076115 192 0.984029411883491 0 0.17800594526091176 0.17800594526091176 0 -0.984029411883491 0 1 0 road_connect_1.ldr
1 14 245.9055112690835 60.84712754129353 192 0.9916033475688472 0 0.12931666980809586 0.12931666980809586 0 -0.9916033475688472 0 1 0 road_connect_1.ldr
1 14 285.7125117938974 64.8190892211876 192 0.9977734774467857 0 0.06669398551405221 0.06669398551405221 0 -0.9977734774467857 0 1 0 road_connect_1.ldr
1 0 -309.7854919158559 -51.89070159540006 168 0.9997751842169458 0 0.0212033257762124 0.0212033257762124 0 -0.9997751842169458 0 1 0 3005.dat
1 0 -280.03847701508107 -50.41152049684852 168 0.9970663290348624 0 0.07654237718377663 0.07654237718377663 0 -0.9970663290348624 0 1 0 3004.dat
1 0 -240.27499656328453 -46.090443346276515 168 0.9905680708151768 0 0.13702152050498745 0.13702152050498745 0 -0.9905680708151768 0 1 0 3004.dat
1 0 -200.79352292138373 -39.62828711456735 168 0.9829370983066138 0 0.1839420038288545 0.1839420038288545 0 -0.9829370983066138 0 1 0 3004.dat
1 0 -161.61968717021065 -31.522456719106046 168 0.9755948756689045 0 0.21957831989651175 0.21957831989651175 0 -0.9755948756689045 0 1 0 3004.dat
1 0 -122.72104010471858 -22.1853935485736 168 0.9693274023049029 0 0.24577303989825447 0.24577303989825447 0 -0.9693274023049029 0 1 0 3004.dat
1 0 -84.05571317382856 -11.968965426785608 168 0.9645546390478303 0 0.2638832095668644 0.2638832095668644 0 -0.9645546390478303 0 1 0 3004.dat
1 0 -45.540424220624345 -1.171535595889594 168 0.96148744214943 0 0.27484886499482996 0.27484886499482996 0 -0.96148744214943 0 1 0 3004.dat
1 0 -7.117484492154347 9.929750942938014 168 0.9602269766683656 0 0.27922061757386385 0.27922061757386385 0 -0.9602269766683656 0 1 0 3004.dat
1 0 31.29547382213366 21.07930562815362 168 0.9608067471209702 0 0.2772190373816705 0.2772190373816705 0 -0.9608067471209702 0 1 0 3004.dat
1 0 69.77314971118659 32.02155306132654 168 0.9632122546788487 0 0.26874179510542967 0.26874179510542967 0 -0.9632122546788487 0 1 0 3004.dat
1 0 108.3827534411239 42.488673794593666 168 0.9673716718184211 0 0.25336149779165923 0.25336149779165923 0 -0.9673716718184211 0 1 0 3004.dat
1 0 147.18571280178526 52.188679877097826 168 0.9731204738542207 0 0.23029664210695103 0.23029664210695103 0 -0.9731204738542207 0 1 0 3004.dat
1 0 186.23946203802598 60.792081969692546 168 0.9801297783927845 0 0.19835729759126902 0.19835729759126902 0 -0.9801297783927845 0 1 0 3004.dat
1 0 225.59639913065791 67.91504227281697 168 0.9877766358804455 0 0.15587596866967665 0.15587596866967665 0 -0.9877766358804455 0 1 0 3004.dat
1 0 265.252669438818 73.09308759344608 168 0.9949140588156263 0 0.10072743206801411 0.10072743206801411 0 -0.9949140588156263 0 1 0 3004.dat
1 0 294.85081030944763 75.35453343926383 168 0.9987419526018341 0 0.050144911138378045 0.050144911138378045 0 -0.9987419526018341 0 1 0 3005.dat
1 0 -299.50423542124434 -51.56780827730416 144 0.99914333325144 0 0.0413835670188296 0.0413835670188296 0 -0.99914333325144 0 1 0 3004.dat
1 0 -259.6316332574563 -48.49914513507228 144 0.9939999403701536 0 0.10938061320056241 0.10938061320056241 0 -0.9939999403701536 0 1 0 3004.dat
1 0 -220.01042281263955 -43.01392215672696 144 0.9866919851469404 0 0.1626005118281913 0.1626005118281913 0 -0.9866919851469404 0 1 0 3004.dat
1 0 -180.69383580739628 -35.654579483290036 144 0.979080149731422 0 0.20347496259219847 0.20347496259219847 0 -0.979080149731422 0 1 0 3004.dat
1 0 -141.66182524281606 -26.869971992299376 144 0.9722173439668081 0 0.234079977977881 0.234079977977881 0 -0.9722173439668081 0 1 0 3004.dat
1 0 -102.89083930570322 -17.042244641094584 144 0.9666791868992317 0 0.2559909170573057 0.2559909170573057 0 -0.9666791868992317 0 1 0 3004.dat
1 0 -64.31197005419167 -6.49286660466187 144 0.9627621204799077 0 0.2703499572203253 0.2703499572203253 0 -0.9627621204799077 0 1 0 3004.dat
1 0 -25.85489611688689 4.492574330760931 144 0.9606128683732432 0 0.27789011698102916 0.27789011698102916 0 -0.9606128683732432 0 1 0 3004.dat
1 0 12.561334969772247 15.652601887564486 144 0.9602939519074563 0 0.2789901896661602 0.2789901896661602 0 -0.9602939519074563 0 1 0 3004.dat
1 0 51.0003607371595 26.728851814974234 144 0.9618142473867567 0 0.27370303893790926 0.27370303893790926 0 -0.9618142473867567 0 1 0 3004.dat
1 0 89.54169923547613 37.463415184629895 144 0.9651325900902017 0 0.26176150126743014 0.26176150126743014 0 -0.9651325900902017 0 1 0 3004.dat
1 0 128.2495492682371 47.57748734624312 144 0.9701362883035514 0 0.2425604710512586 0.2425604710512586 0 -0.9701362883035514 0 1 0 3004.dat
1 0 167.17855784791538 56.76035804974806 144 0.9765878319691491 0 0.21511905180573096 0.21511905180573096 0 -0.9765878319691491 0 1 0 3004.dat
1 0 206.3896936170604 64.65816651807611 144 0.984029411883491 0 0.17800594526091176 0.17800594526091176 0 -0.984029411883491 0 1 0 3004.dat
1 0 245.9055112690835 70.84712754129353 144 0.9916033475688472 0 0.12931666980809586 0.12931666980809586 0 -0.9916033475688472 0 1 0 3004.dat
1 0 285.7125117938974 74.8190892211876 144 0.9977734774467857 0 0.06669398551405221 0.06669398551405221 0 -0.9977734774467857 0 1 0 3004.dat
1 0 -309.7854919158559 -51.89070159540006 120 0.9997751842169458 0 0.0212033257762124 0.0212033257762124 0 -0.9997751842169458 0 1 0 3005.dat
1 0 -280.03847701508107 -50.41152049684852 120 0.9970663290348624 0 0.07654237718377663 0.07654237718377663 0 -0.9970663290348624 0 1 0 3004.dat
1 0 -240.27499656328453 -46.090443346276515 120 0.9905680708151768 0 0.13702152050498745 0.13702152050498745 0 -0.9905680708151768 0 1 0 3004.dat
1 0 -200.79352292138373 -39.62828711456735 120 0.9829370983066138 0 0.1839420038288545 0.1839420038288545 0 -0.9829370983066138 0 1 0 3004.dat
1 0 -161.61968717021065 -31.522456719106046 120 0.9755948756689045 0 0.21957831989651175 0.21957831989651175 0 -0.9755948756689045 0 1 0 3004.dat
1 0 -122.72104010471858 -22.1853935485736 120 0.9693274023049029 0 0.24577303989825447 0.24577303989825447 0 -0.9693274023049029 0 1 0 3004.dat
1 0 -84.05571317382856 -11.968965426785608 120 0.9645546390478303 0 0.2638832095668644 0.2638832095668644 0 -0.9645546390478303 0 1 0 3004.dat
1 0 -45.540424220624345 -1.171535595889594 120 0.96148744214943 0 0.27484886499482996 0.27484886499482996 0 -0.96148744214943 0 1 0 3004.dat
1 0 -7.117484492154347 9.929750942938014 120 0.9602269766683656 0 0.27922061757386385 0.27922061757386385 0 -0.9602269766683656 0 1 0 3004.dat
1 0 31.29547382213366 21.07930562815362 120 0.9608067471209702 0 0.2772190373816705 0.2772190373816705 0 -0.9608067471209702 0 1 0 3004.dat
1 0 69.77314971118659 32.02155306132654 120 0.9632122546788487 0 0.26874179510542967 0.26874179510542967 0 -0.9632122546788487 0 1 0 3004.dat
1 0 108.3827534411239 42.488673794593666 120 0.9673716718184211 0 0.25336149779165923 0.25336149779165923 0 -0.9673716718184211 0 1 0 3004.dat
1 0 147.18571280178526 52.188679877097826 120 0.9731204738542207 0 0.23029664210695103 0.23029664210695103 0 -0.9731204738542207 0 1 0 3004.dat
1 0 186.23946203802598 60.792081969692546 120 0.9801297783927845 0 0.19835729759126902 0.19835729759126902 0 -0.9801297783927845 0 1 0 3004.dat
1 0 225.59639913065791 67.91504227281697 120 0.9877766358804455 0 0.15587596866967665 0.15587596866967665 0 -0.9877766358804455 0 1 0 3004.dat
1 0 265.252669438818 73.09308759344608 120 0.9949140588156263 0 0.10072743206801411 0.10072743206801411 0 -0.9949140588156263 0 1 0 3004.dat
1 0 294.85081030944763 75.35453343926383 120 0.9987419526018341 0 0.050144911138378045 0.050144911138378045 0 -0.9987419526018341 0 1 0 3005.dat
1 0 -299.50423542124434 -51.56780827730416 96 0.99914333325144 0 0.0413835670188296 0.0413835670188296 0 -0.99914333325144 0 1 0 3004.dat
1 0 -259.6316332574563 -48.49914513507228 96 0.9939999403701536 0 0.10938061320056241 0.10938061320056241 0 -0.9939999403701536 0 1 0 3004.dat
1 0 -220.01042281263955 -43.01392215672696 96 0.9866919851469404 0 0.1626005118281913 0.1626005118281913 0 -0.9866919851469404 0 1 0 3004.dat
1 0 -180.69383580739628 -35.654579483290036 96 0.979080149731422 0 0.20347496259219847 0.20347496259219847 0 -0.979080149731422 0 1 0 3004.dat
1 0 -141.66182524281606 -26.869971992299376 96 0.9722173439668081 0 0.234079977977881 0.234079977977881 0 -0.9722173439668081 0 1 0 3004.dat
1 0 -102.89083930570322 -17.042244641094584 96 0.9666791868992317 0 0.2559909170573057 0.2559909170573057 0 -0.9666791868992317 0 1 0 3004.dat
1 0 -64.31197005419167 -6.49286660466187 96 0.9627621204799077 0 0.2703499572203253 0.2703499572203253 0 -0.9627621204799077 0 1 0 3004.dat
1 0 -25.85489611688689 4.492574330760931 96 0.9606128683732432 0 0.27789011698102916 0.27789011698102916 0 -0.9606128683732432 0 1 0 3004.dat
1 0 12.561334969772247 15.652601887564486 96 0.9602939519074563 0 0.2789901896661602 0.2789901896661602 0 -0.9602939519074563 0 1 0 3004.dat
1 0 51.0003607371595 26.728851814974234 96 0.9618142473867567 0 0.27370303893790926 0.27370303893790926 0 -0.9618142473867567 0 1 0 3004.dat
1 0 89.54169923547613 37.463415184629895 96 0.9651325900902017 0 0.26176150126743014 0.26176150126743014 0 -0.9651325900902017 0 1 0 3004.dat
1 0 128.2495492682371 47.57748734624312 96 0.9701362883035514 0 0.2425604710512586 0.2425604710512586 0 -0.9701362883035514 0 1 0 3004.dat
1 0 167.17855784791538 56.76035804974806 96 0.9765878319691491 0 0.21511905180573096 0.21511905180573096 0 -0.9765878319691491 0 1 0 3004.dat
1 0 206.3896936170604 64.65816651807611 96 0.984029411883491 0 0.17800594526091176 0.17800594526091176 0 -0.984029411883491 0 1 0 3004.dat
1 0 245.9055112690835 70.84712754129353 96 0.9916033475688472 0 0.12931666980809586 0.12931666980809586 0 -0.9916033475688472 0 1 0 3004.dat
1 0 285.7125117938974 74.8190892211876 96 0.9977734774467857 0 0.06669398551405221 0.06669398551405221 0 -0.9977734774467857 0 1 0 3004.dat
1 0 -309.7854919158559 -51.89070159540006 72 0.9997751842169458 0 0.0212033257762124 0.0212033257762124 0 -0.9997751842169458 0 1 0 3005.dat
1 0 -280.03847701508107 -50.41152049684852 72 0.9970663290348624 0 0.07654237718377663 0.07654237718377663 0 -0.9970663290348624 0 1 0 3004.dat
1 0 -240.27499656328453 -46.090443346276515 72 0.9905680708151768 0 0.13702152050498745 0.13702152050498745 0 -0.9905680708151768 0 1 0 3004.dat
1 0 -200.79352292138373 -39.62828711456735 72 0.9829370983066138 0 0.1839420038288545 0.1839420038288545 0 -0.9829370983066138 0 1 0 3004.dat
1 0 -161.61968717021065 -31.522456719106046 72 0.9755948756689045 0 0.21957831989651175 0.21957831989651175 0 -0.9755948756689045 0 1 0 3004.dat
1 0 -122.72104010471858 -22.1853935485736 72 0.9693274023049029 0 0.24577303989825447 0.24577303989825447 0 -0.9693274023049029 0 1 0 3004.dat
1 0 -84.05571317382856 -11.968965426785608 72 0.9645546390478303 0 0.2638832095668644 0.2638832095668644 0 -0.9645546390478303 0 1 0 3004.dat
1 0 -45.540424220624345 -1.171535595889594 72 0.96148744214943 0 0.27484886499482996 0.27484886499482996 0 -0.96148744214943 0 1 0 3004.dat
1 0 -7.117484492154347 9.929750942938014 72 0.9602269766683656 0 0.27922061757386385 0.27922061757386385 0 -0.9602269766683656 0 1 0 3004.dat
1 0 31.29547382213366 21.07930562815362 72 0.9608067471209702 0 0.2772190373816705 0.2772190373816705 0 -0.9608067471209702 0 1 0 3004.dat
1 0 69.77314971118659 32.02155306132654 72 0.9632122546788487 0 0.26874179510542967 0.26874179510542967 0 -0.9632122546788487 0 1 0 3004.dat
1 0 108.3827534411239 42.488673794593666 72 0.9673716718184211 0 0.25336149779165923 0.25336149779165923 0 -0.9673716718184211 0 1 0 3004.dat
1 0 147.18571280178526 52.188679877097826 72 0.9731204738542207 0 0.23029664210695103 0.23029664210695103 0 -0.9731204738542207 0 1 0 3004.dat
1 0 186.23946203802598 60.792081969692546 72 0.9801297783927845 0 0.19835729759126902 0.19835729759126902 0 -0.9801297783927845 0 1 0 3004.dat
1 0 225.59639913065791 67.91504227281697 72 0.9877766358804455 0 0.15587596866967665 0.15587596866967665 0 -0.9877766358804455 0 1 0 3004.dat
1 0 265.252669438818 73.09308759344608 72 0.9949140588156263 0 0.10072743206801411 0.10072743206801411 0 -0.9949140588156263 0 1 0 3004.dat
1 0 294.85081030944763 75.35453343926383 72 0.9987419526018341 0 0.050144911138378045 0.050144911138378045 0 -0.9987419526018341 0 1 0 3005.dat
1 0 -299.50423542124434 -51.56780827730416 48 0.99914333325144 0 0.0413835670188296 0.0413835670188296 0 -0.99914333325144 0 1 0 3004.dat
1 0 -259.6316332574563 -48.49914513507228 48 0.9939999403701536 0 0.10938061320056241 0.10938061320056241 0 -0.9939999403701536 0 1 0 3004.dat
1 0 -220.01042281263955 -43.01392215672696 48 0.9866919851469404 0 0.1626005118281913 0.1626005118281913 0 -0.9866919851469404 0 1 0 3004.dat
1 0 -180.69383580739628 -35.654579483290036 48 0.979080149731422 0 0.20347496259219847 0.20347496259219847 0 -0.979080149731422 0 1 0 3004.dat
1 0 -141.66182524281606 -26.869971992299376 48 0.9722173439668081 0 0.234079977977881 0.234079977977881 0 -0.9722173439668081 0 1 0 3004.dat
1 0 -102.89083930570322 -17.042244641094584 48 0.9666791868992317 0 0.2559909170573057 0.2559909170573057 0 -0.9666791868992317 0 1 0 3004.dat
1 0 -64.31197005419167 -6.49286660466187 48 0.9627621204799077 0 0.2703499572203253 0.2703499572203253 0 -0.9627621204799077 0 1 0 3004.dat
1 0 -25.85489611688689 4.492574330760931 48 0.9606128683732432 0 0.27789011698102916 0.27789011698102916 0 -0.9606128683732432 0 1 0 3004.dat
1 0 12.561334969772247 15.652601887564486 48 0.9602939519074563 0 0.2789901896661602 0.2789901896661602 0 -0.9602939519074563 0 1 0 3004.dat
1 0 51.0003607371595 26.728851814974234 48 0.9618142473867567 0 0.27370303893790926 0.27370303893790926 0 -0.9618142473867567 0 1 0 3004.dat
1 0 89.54169923547613 37.463415184629895 48 0.9651325900902017 0 0.26176150126743014 0.26176150126743014 0 -0.9651325900902017 0 1 0 3004.dat
1 0 128.2495492682371 47.57748734624312 48 0.9701362883035514 0 0.2425604710512586 0.2425604710512586 0 -0.9701362883035514 0 1 0 3004.dat
1 0 167.17855784791538 56.76035804974806 48 0.9765878319691491 0 0.21511905180573096 0.21511905180573096 0 -0.9765878319691491 0 1 0 3004.dat
1 0 206.3896936170604 64.65816651807611 48 0.984029411883491 0 0.17800594526091176 0.17800594526091176 0 -0.984029411883491 0 1 0 3004.dat
1 0 245.9055112690835 70.84712754129353 48 0.9916033475688472 0 0.12931666980809586 0.12931666980809586 0 -0.9916033475688472 0 1 0 3004.dat
1 0 285.7125117938974 74.8190892211876 48 0.9977734774467857 0 0.06669398551405221 0.06669398551405221 0 -0.9977734774467857 0 1 0 3004.dat
1 0 -309.7854919158559 -51.89070159540006 24 0.9997751842169458 0 0.0212033257762124 0.0212033257762124 0 -0.9997751842169458 0 1 0 3005.dat
1 0 -280.03847701508107 -50.41152049684852 24 0.9970663290348624 0 0.07654237718377663 0.07654237718377663 0 -0.9970663290348624 0 1 0 3004.dat
1 0 -240.27499656328453 -46.090443346276515 24 0.9905680708151768 0 0.13702152050498745 0.13702152050498745 0 -0.9905680708151768 0 1 0 3004.dat
1 0 -200.79352292138373 -39.62828711456735 24 0.9829370983066138 0 0.1839420038288545 0.1839420038288545 0 -0.9829370983066138 0 1 0 3004.dat
1 0 -161.61968717021065 -31.522456719106046 24 0.9755948756689045 0 0.21957831989651175 0.21957831989651175 0 -0.9755948756689045 0 1 0 3004.dat
1 0 -122.72104010471858 -22.1853935485736 24 0.9693274023049029 0 0.24577303989825447 0.24577303989825447 0 -0.9693274023049029 0 1 0 3004.dat
1 0 -84.05571317382856 -11.968965426785608 24 0.9645546390478303 0 0.2638832095668644 0.2638832095668644 0 -0.9645546390478303 0 1 0 3004.dat
1 0 -45.540424220624345 -1.171535595889594 24 0.96148744214943 0 0.27484886499482996 0.27484886499482996 0 -0.96148744214943 0 1 0 3004.dat
1 0 -7.117484492154347 9.929750942938014 24 0.9602269766683656 0 0.27922061757386385 0.27922061757386385 0 -0.9602269766683656 0 1 0 3004.dat
1 0 31.29547382213366 21.07930562815362 24 0.9608067471209702 0 0.2772190373816705 0.2772190373816705 0 -0.9608067471209702 0 1 0 3004.dat
1 0 69.77314971118659 32.02155306132654 24 0.9632122546788487 0 0.26874179510542967 0.26874179510542967 0 -0.9632122546788487 0 1 0 3004.dat
1 0 108.3827534411239 42.488673794593666 24 0.9673716718184211 0 0.25336149779165923 0.25336149779165923 0 -0.9673716718184211 0 1 0 3004.dat
1 0 147.18571280178526 52.188679877097826 24 0.9731204738542207 0 0.23029664210695103 0.23029664210695103 0 -0.9731204738542207 0 1 0 3004.dat
1 0 186.23946203802598 60.792081969692546 24 0.9801297783927845 0 0.19835729759126902 0.19835729759126902 0 -0.9801297783927845 0 1 0 3004.dat
1 0 225.59639913065791 67.91504227281697 24 0.9877766358804455 0 0.15587596866967665 0.15587596866967665 0 -0.9877766358804455 0 1 0 3004.dat
1 0 265.252669438818 73.09308759344608 24 0.9949140588156263 0 0.10072743206801411 0.10072743206801411 0 -0.9949140588156263 0 1 0 3004.dat
1 0 294.85081030944763 75.35453343926383 24 0.9987419526018341 0 0.050144911138378045 0.050144911138378045 0 -0.9987419526018341 0 1 0 3005.dat
1 0 -299.50423542124434 -51.56780827730416 16 0.99914333325144 0 0.0413835670188296 0.0413835670188296 0 -0.99914333325144 0 1 0 3023.dat
1 0 -259.6316332574563 -48.49914513507228 16 0.9939999403701536 0 0.10938061320056241 0.10938061320056241 0 -0.9939999403701536 0 1 0 3023.dat
1 0 -220.01042281263955 -43.01392215672696 16 0.9866919851469404 0 0.1626005118281913 0.1626005118281913 0 -0.9866919851469404 0 1 0 3023.dat
1 0 -180.69383580739628 -35.654579483290036 16 0.979080149731422 0 0.20347496259219847 0.20347496259219847 0 -0.979080149731422 0 1 0 3023.dat
1 0 -141.66182524281606 -26.869971992299376 16 0.9722173439668081 0 0.234079977977881 0.234079977977881 0 -0.9722173439668081 0 1 0 3023.dat
1 0 -102.89083930570322 -17.042244641094584 16 0.9666791868992317 0 0.2559909170573057 0.2559909170573057 0 -0.9666791868992317 0 1 0 3023.dat
1 0 -64.31197005419167 -6.49286660466187 16 0.9627621204799077 0 0.2703499572203253 0.2703499572203253 0 -0.9627621204799077 0 1 0 3023.dat
1 0 -25.85489611688689 4.492574330760931 16 0.9606128683732432 0 0.27789011698102916 0.27789011698102916 0 -0.9606128683732432 0 1 0 3023.dat
1 0 12.561334969772247 15.652601887564486 16 0.9602939519074563 0 0.2789901896661602 0.2789901896661602 0 -0.9602939519074563 0 1 0 3023.dat
1 0 51.0003607371595 26.728851814974234 16 0.9618142473867567 0 0.27370303893790926 0.27370303893790926 0 -0.9618142473867567 0 1 0 3023.dat
1 0 89.54169923547613 37.463415184629895 16 0.9651325900902017 0 0.26176150126743014 0.26176150126743014 0 -0.9651325900902017 0 1 0 3023.dat
1 0 128.2495492682371 47.57748734624312 16 0.9701362883035514 0 0.2425604710512586 0.2425604710512586 0 -0.9701362883035514 0 1 0 3023.dat
1 0 167.17855784791538 56.76035804974806 16 0.9765878319691491 0 0.21511905180573096 0.21511905180573096 0 -0.9765878319691491 0 1 0 3023.dat
1 0 206.3896936170604 64.65816651807611 16 0.984029411883491 0 0.17800594526091176 0.17800594526091176 0 -0.984029411883491 0 1 0 3023.dat
1 0 245.9055112690835 70.84712754129353 16 0.9916033475688472 0 0.12931666980809586 0.12931666980809586 0 -0.9916033475688472 0 1 0 3023.dat
1 0 285.7125117938974 74.8190892211876 16 0.9977734774467857 0 0.06669398551405221 0.06669398551405221 0 -0.9977734774467857 0 1 0 3023.dat
1 14 -309.7854919158559 -51.89070159540006 8 0.9997751842169458 0 0.0212033257762124 0.0212033257762124 0 -0.9997751842169458 0 1 0 3024.dat
1 14 -280.03847701508107 -50.41152049684852 8 0.9970663290348624 0 0.07654237718377663 0.07654237718377663 0 -0.9970663290348624 0 1 0 3023.dat
1 14 -240.27499656328453 -46.090443346276515 8 0.9905680708151768 0 0.13702152050498745 0.13702152050498745 0 -0.9905680708151768 0 1 0 3023.dat
1 14 -200.79352292138373 -39.62828711456735 8 0.9829370983066138 0 0.1839420038288545 0.1839420038288545 0 -0.9829370983066138 0 1 0 3023.dat
1 14 -161.61968717021065 -31.522456719106046 8 0.9755948756689045 0 0.21957831989651175 0.21957831989651175 0 -0.9755948756689045 0 1 0 3023.dat
1 14 -122.72104010471858 -22.1853935485736 8 0.9693274023049029 0 0.24577303989825447 0.24577303989825447 0 -0.9693274023049029 0 1 0 3023.dat
1 14 -84.05571317382856 -11.968965426785608 8 0.9645546390478303 0 0.2638832095668644 0.2638832095668644 0 -0.9645546390478303 0 1 0 3023.dat
1 14 -45.540424220624345 -1.171535595889594 8 0.96148744214943 0 0.27484886499482996 0.27484886499482996 0 -0.96148744214943 0 1 0 3023.dat
1 14 -7.117484492154347 9.929750942938014 8 0.9602269766683656 0 0.27922061757386385 0.27922061757386385 0 -0.9602269766683656 0 1 0 3023.dat
1 14 31.29547382213366 21.07930562815362 8 0.9608067471209702 0 0.2772190373816705 0.2772190373816705 0 -0.9608067471209702 0 1 0 3023.dat
1 14 69.77314971118659 32.02155306132654 8 0.9632122546788487 0 0.26874179510542967 0.26874179510542967 0 -0.9632122546788487 0 1 0 3023.dat
1 14 108.3827534411239 42.488673794593666 8 0.9673716718184211 0 0.25336149779165923 0.25336149779165923 0 -0.9673716718184211 0 1 0 3023.dat
1 14 147.18571280178526 52.188679877097826 8 0.9731204738542207 0 0.23029664210695103 0.23029664210695103 0 -0.9731204738542207 0 1 0 3023.dat
1 14 186.23946203802598 60.792081969692546 8 0.9801297783927845 0 0.19835729759126902 0.19835729759126902 0 -0.9801297783927845 0 1 0 3023.dat
1 14 225.59639913065791 67.91504227281697 8 0.9877766358804455 0 0.15587596866967665 0.15587596866967665 0 -0.9877766358804455 0 1 0 3023.dat
1 14 265.252669438818 73.09308759344608 8 0.9949140588156263 0 0.10072743206801411 0.10072743206801411 0 -0.9949140588156263 0 1 0 3023.dat
1 14 294.85081030944763 75.35453343926383 8 0.9987419526018341 0 0.050144911138378045 0.050144911138378045 0 -0.9987419526018341 0 1 0 3024.dat
1 0 -299.50423542124434 -51.56780827730416 0 0.99914333325144 0 0.0413835670188296 0.0413835670188296 0 -0.99914333325144 0 1 0 3069b.dat
1 0 -259.6316332574563 -48.49914513507228 0 0.9939999403701536 0 0.10938061320056241 0.10938061320056241 0 -0.9939999403701536 0 1 0 3069b.dat
1 0 -220.01042281263955 -43.01392215672696 0 0.9866919851469404 0 0.1626005118281913 0.1626005118281913 0 -0.9866919851469404 0 1 0 3069b.dat
1 0 -180.69383580739628 -35.654579483290036 0 0.979080149731422 0 0.20347496259219847 0.20347496259219847 0 -0.979080149731422 0 1 0 3069b.dat
1 0 -141.66182524281606 -26.869971992299376 0 0.9722173439668081 0 0.234079977977881 0.234079977977881 0 -0.9722173439668081 0 1 0 3069b.dat
1 0 -102.89083930570322 -17.042244641094584 0 0.9666791868992317 0 0.2559909170573057 0.2559909170573057 0 -0.9666791868992317 0 1 0 3069b.dat
1 0 -64.31197005419167 -6.49286660466187 0 0.9627621204799077 0 0.2703499572203253 0.2703499572203253 0 -0.9627621204799077 0 1 0 3069b.dat
1 0 -25.85489611688689 4.492574330760931 0 0.9606128683732432 0 0.27789011698102916 0.27789011698102916 0 -0.9606128683732432 0 1 0 3069b.dat
1 0 12.561334969772247 15.652601887564486 0 0.9602939519074563 0 0.2789901896661602 0.2789901896661602 0 -0.9602939519074563 0 1 0 3069b.dat
1 0 51.0003607371595 26.728851814974234 0 0.9618142473867567 0 0.27370303893790926 0.27370303893790926 0 -0.9618142473867567 0 1 0 3069b.dat
1 0 89.54169923547613 37.463415184629895 0 0.9651325900902017 0 0.26176150126743014 0.26176150126743014 0 -0.9651325900902017 0 1 0 3069b.dat
1 0 128.2495492682371 47.57748734624312 0 0.9701362883035514 0 0.2425604710512586 0.2425604710512586 0 -0.9701362883035514 0 1 0 3069b.dat
1 0 167.17855784791538 56.76035804974806 0 0.9765878319691491 0 0.21511905180573096 0.21511905180573096 0 -0.9765878319691491 0 1 0 3069b.dat
1 0 206.3896936170604 64.65816651807611 0 0.984029411883491 0 0.17800594526091176 0.17800594526091176 0 -0.984029411883491 0 1 0 3069b.dat
1 0 245.9055112690835 70.84712754129353 0 0.9916033475688472 0 0.12931666980809586 0.12931666980809586 0 -0.9916033475688472 0 1 0 3069b.dat
1 0 285.7125117938974 74.8190892211876 0 0.9977734774467857 0 0.06669398551405221 0.06669398551405221 0 -0.9977734774467857 0 1 0 3069b.dat
1 0 -299.50423542124434 -51.56780827730416 0 0.99914333325144 0 -0.0413835670188296 0.0413835670188296 0 0.99914333325144 0 -1 0 3069b.dat
1 0 -259.6316332574563 -48.49914513507228 0 0.9939999403701536 0 -0.10938061320056241 0.10938061320056241 0 0.9939999403701536 0 -1 0 3069b.dat
1 0 -220.01042281263955 -43.01392215672696 0 0.9866919851469404 0 -0.1626005118281913 0.1626005118281913 0 0.9866919851469404 0 -1 0 3069b.dat
1 0 -180.69383580739628 -35.654579483290036 0 0.979080149731422 0 -0.20347496259219847 0.20347496259219847 0 0.979080149731422 0 -1 0 3069b.dat
1 0 -141.66182524281606 -26.869971992299376 0 0.9722173439668081 0 -0.234079977977881 0.234079977977881 0 0.9722173439668081 0 -1 0 3069b.dat
1 0 -102.89083930570322 -17.042244641094584 0 0.9666791868992317 0 -0.2559909170573057 0.2559909170573057 0 0.9666791868992317 0 -1 0 3069b.dat
1 0 -64.31197005419167 -6.49286660466187 0 0.9627621204799077 0 -0.2703499572203253 0.2703499572203253 0 0.9627621204799077 0 -1 0 3069b.dat
1 0 -25.85489611688689 4.492574330760931 0 0.9606128683732432 0 -0.27789011698102916 0.27789011698102916 0 0.9606128683732432 0 -1 0 3069b.dat
1 0 12.561334969772247 15.652601887564486 0 0.9602939519074563 0 -0.2789901896661602 0.2789901896661602 0 0.9602939519074563 0 -1 0 3069b.dat
1 0 51.0003607371595 26.728851814974234 0 0.9618142473867567 0 -0.27370303893790926 0.27370303893790926 0 0.9618142473867567 0 -1 0 3069b.dat
1 0 89.54169923547613 37.463415184629895 0 0.9651325900902017 0 -0.26176150126743014 0.26176150126743014 0 0.9651325900902017 0 -1 0 3069b.dat
1 0 128.2495492682371 47.57748734624312 0 0.9701362883035514 0 -0.2425604710512586 0.2425604710512586 0 0.9701362883035514 0 -1 0 3069b.dat
1 0 167.17855784791538 56.76035804974806 0 0.9765878319691491 0 -0.21511905180573096 0.21511905180573096 0 0.9765878319691491 0 -1 0 3069b.dat
1 0 206.3896936170604 64.65816651807611 0 0.984029411883491 0 -0.17800594526091176 0.17800594526091176 0 0.984029411883491 0 -1 0 3069b.dat
