0 Red Motorbike Rider
0 Name: pedestrian_049_redblackmotorider.ldr
0 Author: Unknown
0 Unofficial Model
0 // Legs
1 4 0 -28 -31 1 0 0 0 0.927 0.375 0 -0.375 0.927 3817.dat
1 4 0 -28 -31 1 0 0 0 0.927 0.375 0 -0.375 0.927 3816.dat
0 // Hips
1 0 0 -39.78 -33.29 1 0 0 0 0.982 -0.191 0 0.191 0.982 3815.dat
0 // Torso
1 4 0 -71.192 -39.396 1 0 0 0 0.982 -0.191 0 0.191 0.982 973.dat
0 // Head
1 14 0 -94.751 -43.975 1 0 0 0 0.982 -0.191 0 0.191 0.982 3626bp01.dat
0 // Helmet w/ Visor
1 0 0 -97.696 -42.5 1 0 0 0 0.982 -0.191 0 0.191 0.982 2446.dat
1 32 0 -97.696 -42.5 1 0 0 0 0.982 -0.191 0 0.191 0.982 2447.dat
0 // Arms
1 4 -15.552 -62.328 -37.833 0.986 -0.17 0 0.147 0.853 0.5 -0.085 -0.493 0.866 3818.dat
1 4 15.552 -62.328 -37.833 0.986 0.17 0 -0.147 0.853 0.5 0.08495 -0.49275 0.866 3819.dat
0 // Hans/Gloves
1 0 -23.552 -52.605 -54.994 0.077 -0.995 -0.058 0.961 0.089 -0.26 0.263 -0.036 0.964 3820.dat
1 0 23.552 -52.605 -54.994 0.077 0.995 0.054 -0.961 0.089 -0.273 -0.263 -0.036 0.96 3820.dat
