0 Motorcycle Rider
0 Name: pedestrian_063_bluemotorcyclerider.ldr
0 Author: Tore Eriksson
0 !LICENSE Redistributable under CC BY-SA version 3.0 : see https://creativecommons.org/licenses/by-sa/3.0/
0 Unofficial Model
0 // Legs
0 ROTATION CENTER 0 0 0 1 "Custom" 
0 ROTATION CONFIG 0 0
1 1 0 -46 9 1 0 0 0 0.927 0.375 0 -0.375 0.927 3817.dat
1 1 0 -46 9 1 0 0 0 0.927 0.375 0 -0.375 0.927 3816.dat
0 // Hips
1 0 0 -57.78 6.71 1 0 0 0 0.982 -0.191 0 0.191 0.982 3815.dat
0 // Torso
1 1 0 -89.192 0.604 1 0 0 0 0.982 -0.191 0 0.191 0.982 973.dat
0 // Head
1 86 0 -112.751 -3.975 1 0 0 0 0.982 -0.191 0 0.191 0.982 3626bp01.dat
0 // Helmet w/ Visor
1 0 0 -115.696 -2.5 1 0 0 0 0.982 -0.191 0 0.191 0.982 2446.dat
1 47 0 -115.696 -2.5 1 0 0 0 0.982 -0.191 0 0.191 0.982 2447.dat
0 // Arms
1 1 -15.552 -80.328 2.167 0.986 -0.17 0 0.147 0.853 0.5 -0.085 -0.493 0.866 3818.dat
1 1 15.552 -80.328 2.167 0.986 0.17 0 -0.147 0.853 0.5 0.08495 -0.49275 0.866 3819.dat
0 // Hans/Gloves
1 86 -23.552 -70.605 -14.994 0.077 -0.995 -0.058 0.961 0.089 -0.26 0.263 -0.036 0.964 3820.dat
1 86 23.552 -70.605 -14.994 0.077 0.995 0.054 -0.961 0.089 -0.273 -0.263 -0.036 0.96 3820.dat
0 
0
