0 Flowers Mk2
0 Name: plant_flowers_02.ldr
0 Author: Dennis Osborn
0 Unofficial Model
0 ROTATION CENTER 0 0 0 1 "Custom" 
0 ROTATION CONFIG 0 0
1 10 0 -16 0 1 0 0 0 1 0 0 0 1 3741.dat
1 14 -0.6413 -30.5024 16.9366 -0.197265 0.0641341 0.97825 0.288849 -0.94976 0.120513 0.936831 0.306339 0.168829 4589.dat
1 14 -15.1704 -29.6348 -7.41181 -0.866025 -0.482963 -0.12941 0.5 -0.836516 -0.224144 0 -0.258819 0.965926 4589.dat
1 14 17.4118 -30.3407 -10 -0.965926 0.258819 0 -0.258819 -0.965926 0 0 0 1 4589.dat
0
