0 Tree Mk5
0 Name: plant_bigtree_05.ldr
0 Author: JAYSTEPHER The Lego Nerd, Michael Horvath
0 !LICENSE Public Domain
0 Unofficial Model
0 ROTATION CENTER 90 -360 10 1 "Custom" 
0 ROTATION CONFIG 0 0
1 6 0 -24 0 1 0 0 0 1 0 0 0 1 3003.dat
1 6 -10 -24 -30 1 0 0 0 1 0 0 0 1 4286.dat
1 6 -30 -24 10 0 0 1 0 1 0 -1 0 0 4286.dat
1 6 10 -24 30 -1 0 0 0 1 0 0 0 -1 4286.dat
1 6 30 -24 -10 0 0 -1 0 1 0 1 0 0 4286.dat
1 6 -10 -48 10 0 0 1 0 1 0 -1 0 0 3040b.dat
1 6 10 -48 10 -1 0 0 0 1 0 0 0 -1 3040b.dat
1 6 10 -48 -10 0 0 -1 0 1 0 1 0 0 3040b.dat
1 6 -10 -48 -10 1 0 0 0 1 0 0 0 1 3040b.dat
1 6 0 -72 0 1 0 0 0 1 0 0 0 1 3003.dat
1 6 0 -96 0 1 0 0 0 1 0 0 0 1 3003.dat
1 6 0 -120 0 1 0 0 0 1 0 0 0 1 3003.dat
1 6 10 -216 10 1 0 0 0 1 0 0 0 1 2339.dat
1 6 -10 -144 -10 1 0 0 0 1 0 0 0 1 2357.dat
1 6 10 -168 -10 0 0 -1 0 1 0 1 0 0 2921.dat
1 288 70 -163 -30 1 0 0 0 1 0 0 0 1 2417.dat
1 288 130 -171 50 -1 0 0 0 1 0 0 0 -1 2417.dat
1 6 -10 -168 10 0 0 -1 0 1 0 1 0 0 3005.dat
1 6 -10 -240 -10 0 0 -1 0 1 0 1 0 0 2339.dat
1 6 10 -192 10 -1 0 0 0 1 0 0 0 -1 2357.dat
1 6 10 -216 10 0 0 1 0 1 0 -1 0 0 3622.dat
1 6 -10 -216 10 0 0 1 0 1 0 -1 0 0 3005.dat
1 6 10 -240 -10 0 0 -1 0 1 0 1 0 0 2921.dat
1 288 50 -235 -30 -1 0 0 0 1 0 0 0 -1 2417.dat
1 288 50 -243 30 -1 0 0 0 1 0 0 0 -1 2423.dat
1 288 -10 -243 -110 1 0 0 0 1 0 0 0 1 2417.dat
1 6 0 -240 10 -1 0 0 0 1 0 0 0 -1 30136.dat
1 6 -30 -240 -10 -1 0 0 0 1 0 0 0 -1 3005.dat
1 6 -10 -288 -10 -1 0 0 0 1 0 0 0 -1 2339.dat
1 6 -10 -296 -60 0 0 -1 0 1 0 1 0 0 3710.dat
1 288 -10 -304 -70 0 0 -1 0 1 0 1 0 0 2417.dat
1 6 -60 -248 -10 -1 0 0 0 1 0 0 0 -1 3710.dat
1 288 -70 -256 -10 0 0 1 0 1 0 -1 0 0 2417.dat
1 6 10 -224 60 0 0 -1 0 1 0 1 0 0 3710.dat
1 288 10 -232 70 0 0 -1 0 1 0 1 0 0 2417.dat
1 6 60 -352 10 1 0 0 0 1 0 0 0 1 3710.dat
1 288 70 -360 10 0 0 -1 0 1 0 1 0 0 2417.dat
1 288 141.962 -344 40 0.5 0 0.866025 0 1 0 -0.866025 0 0.5 2417.dat
1 288 -67.955 -288 -85.529 -0.258819 0 -0.965926 0 1 0 0.965926 0 -0.258819 2417.dat
1 288 -85.529 -240 47.955 0.965926 0 -0.258819 0 1 0 0.258819 0 0.965926 2417.dat
1 288 -47.955 -216 85.529 0.258819 0 -0.965926 0 1 0 0.965926 0 0.258819 2417.dat
1 288 61.961 -216 120 0.5 0 0.866025 0 1 0 -0.866025 0 0.5 2417.dat
1 288 126.564 -208 88.2243 0.5 0 0.866025 0 1 0 -0.866025 0 0.5 2423.dat
1 288 -147.955 -240 -25.529 -0.258819 0 -0.965926 0 1 0 0.965926 0 -0.258819 2417.dat
1 288 -196.751 -248 3.131 -0.965926 0 0.258819 0 1 0 -0.258819 0 -0.965926 2423.dat
1 288 0 -392 0 1 0 0 0 1 0 0 0 1 4073.dat
1 288 85.529 -344 -47.956 -0.965926 0 0.258819 0 1 0 -0.258819 0 -0.965926 2417.dat
1 288 0 -392 90 1 0 0 0 1 0 0 0 1 2417.dat
1 288 -90 -392 0 0 0 -1 0 1 0 1 0 0 2417.dat
1 288 -130 -400 40 -1 0 0 0 1 0 0 0 -1 2423.dat
1 288 0 -392 -90 -1 0 0 0 1 0 0 0 -1 2417.dat
1 288 90 -392 0 0 0 1 0 1 0 -1 0 0 2417.dat
1 288 70 -400 20 0 0 1 0 1 0 -1 0 0 2423.dat
1 288 -20 -400 70 1 0 0 0 1 0 0 0 1 2423.dat
1 288 -70 -400 -20 0 0 -1 0 1 0 1 0 0 2423.dat
1 288 20 -400 -70 -1 0 0 0 1 0 0 0 -1 2423.dat
1 288 32.427 -288 -132.427 -0.707107 0 0.707107 0 1 0 -0.707107 0 -0.707107 2417.dat
1 6 0 -248 0 -1 0 0 0 1 0 0 0 -1 3022.dat
1 6 0 -272 -10 -1 0 0 0 1 0 0 0 -1 30136.dat
1 6 10 -344 10 0 0 1 0 1 0 -1 0 0 2339.dat
1 6 -10 -272 10 -1 0 0 0 1 0 0 0 -1 2921.dat
1 288 -30 -267 50 0 0 -1 0 1 0 1 0 0 2417.dat
1 6 -10 -296 0 0 0 1 0 1 0 -1 0 0 30136.dat
1 6 10 -296 -10 0 0 -1 0 1 0 1 0 0 2921.dat
1 288 70 -291 10 -1 0 0 0 1 0 0 0 -1 2417.dat
1 6 0 -320 -10 -1 0 0 0 1 0 0 0 -1 30136.dat
1 6 0 -320 10 -1 0 0 0 1 0 0 0 -1 30136.dat
1 6 0 -344 -10 -1 0 0 0 1 0 0 0 -1 30136.dat
1 6 10 -344 10 -1 0 0 0 1 0 0 0 -1 3622.dat
1 6 0 -352 0 -1 0 0 0 1 0 0 0 -1 4032a.dat
1 6 0 -376 0 -1 0 0 0 1 0 0 0 -1 3941.dat
1 6 0 -384 0 -1 0 0 0 1 0 0 0 -1 98284.dat
0
