0 Untitled
0 Name: SP04_S_08_G03.ldr
0 Author: Mike Gallagher mike@gallaghersart.com
0 Unofficial Model
0 ROTATION CENTER 0 0 0 1 "Custom" 
0 ROTATION CONFIG -1 0
1 0 2648 0 -1350 0 1 0 0 0 1 1 0 0 3023.dat
1 0 2648 0 -1310 0 1 0 0 0 1 1 0 0 3023.dat
1 0 2720 0 -1530 0 1 0 0 0 1 1 0 0 3023.dat
1 0 2728 0 -1530 0 1 0 0 0 1 1 0 0 3023.dat
1 0 2672 0 -1410 0 1 0 0 0 1 1 0 0 3023.dat
1 0 2744 0 -1570 0 1 0 0 0 1 1 0 0 3023.dat
1 0 2688 0 -1710 0 1 0 0 0 1 1 0 0 3023.dat
1 0 2616 0 -1670 0 1 0 0 0 1 1 0 0 3023.dat
1 0 2616 0 -1630 0 1 0 0 0 1 1 0 0 3023.dat
1 0 2616 0 -1590 0 1 0 0 0 1 1 0 0 3023.dat
1 0 2680 0 -1710 0 1 0 0 0 1 1 0 0 3023.dat
1 0 2680 0 -1750 0 1 0 0 0 1 1 0 0 3023.dat
1 0 2688 0 -1750 0 1 0 0 0 1 1 0 0 3023.dat
1 0 2752 0 -1570 0 1 0 0 0 1 1 0 0 3023.dat
1 0 2792 0 -1630 0 1 0 0 0 1 1 0 0 3023.dat
1 0 2576 0 -1260 0 1 0 0 0 1 1 0 0 3005.dat
1 0 2528 0 -1260 0 1 0 0 0 1 1 0 0 3005.dat
0 MLCAD HIDE 1 15 3320 -10 -1390 0 1 0 0 0 1 1 0 0 3004.dat
0 MLCAD HIDE 1 15 3296 -10 -1370 0 1 0 0 0 1 1 0 0 3004.dat
0 MLCAD HIDE 1 15 3272 -10 -1390 0 1 0 0 0 1 1 0 0 3004.dat
0 MLCAD HIDE 1 15 3320 -10 -1350 0 1 0 0 0 1 1 0 0 3004.dat
0 MLCAD HIDE 1 15 3296 -10 -1330 0 1 0 0 0 1 1 0 0 3004.dat
0 MLCAD HIDE 1 15 3272 -10 -1350 0 1 0 0 0 1 1 0 0 3004.dat
0 MLCAD HIDE 1 15 3320 -10 -1310 0 1 0 0 0 1 1 0 0 3004.dat
0 MLCAD HIDE 1 15 3272 -10 -1310 0 1 0 0 0 1 1 0 0 3004.dat
0 MLCAD HIDE 1 15 3248 -10 -1370 0 1 0 0 0 1 1 0 0 3004.dat
0 MLCAD HIDE 1 15 3248 -10 -1330 0 1 0 0 0 1 1 0 0 3004.dat
0 MLCAD HIDE 1 15 3296 -10 -1410 0 1 0 0 0 1 1 0 0 3004.dat
0 MLCAD HIDE 1 15 3248 -10 -1410 0 1 0 0 0 1 1 0 0 3004.dat
1 14 2256 0 -1320 0 -1 0 -1 0 0 0 0 -1 3794a.dat
1 14 2256 0 -1340 0 -1 0 -1 0 0 0 0 -1 3794a.dat
1 14 2256 0 -1360 0 -1 0 -1 0 0 0 0 -1 3794a.dat
1 14 2256 0 -1400 0 -1 0 -1 0 0 0 0 -1 3794a.dat
1 0 2328 0 -1590 0 -1 0 0 0 1 -1 0 0 3023.dat
1 0 2456 0 -1450 0 -1 0 0 0 1 -1 0 0 3023.dat
1 0 2472 0 -1450 0 -1 0 0 0 1 -1 0 0 3023.dat
1 0 2464 0 -1410 0 -1 0 0 0 1 -1 0 0 3023.dat
1 0 2456 0 -1370 0 -1 0 0 0 1 -1 0 0 3023.dat
1 0 2456 0 -1330 0 -1 0 0 0 1 -1 0 0 3023.dat
1 0 2440 0 -1330 0 -1 0 0 0 1 -1 0 0 3023.dat
1 0 2440 0 -1370 0 -1 0 0 0 1 -1 0 0 3023.dat
1 0 2432 0 -1370 0 -1 0 0 0 1 -1 0 0 3023.dat
1 0 2432 0 -1330 0 -1 0 0 0 1 -1 0 0 3023.dat
1 0 2432 0 -1290 0 -1 0 0 0 1 -1 0 0 3023.dat
1 0 2432 0 -1270 0 -1 0 0 0 1 -1 0 0 3023.dat
1 0 2448 0 -1270 0 -1 0 0 0 1 -1 0 0 3023.dat
1 0 2456 0 -1290 0 -1 0 0 0 1 -1 0 0 3023.dat
1 0 2456 0 -1490 0 -1 0 0 0 1 -1 0 0 3023.dat
1 0 2464 0 -1490 0 -1 0 0 0 1 -1 0 0 3023.dat
1 0 2488 0 -1450 0 -1 0 0 0 1 -1 0 0 3023.dat
1 0 2488 0 -1410 0 -1 0 0 0 1 -1 0 0 3023.dat
1 0 2480 0 -1410 0 -1 0 0 0 1 -1 0 0 3023.dat
1 0 2496 0 -1530 0 -1 0 0 0 1 -1 0 0 3023.dat
1 0 2512 0 -1530 0 -1 0 0 0 1 -1 0 0 3023.dat
1 0 2480 0 -1530 0 -1 0 0 0 1 -1 0 0 3023.dat
1 0 2480 0 -1490 0 -1 0 0 0 1 -1 0 0 3023.dat
1 0 2344 0 -1630 0 -1 0 0 0 1 -1 0 0 3023.dat
1 0 2368 0 -1670 0 -1 0 0 0 1 -1 0 0 3023.dat
1 14 2256 0 -1300 0 -1 0 -1 0 0 0 0 -1 3794a.dat
1 14 2256 0 -1280 0 -1 0 -1 0 0 0 0 -1 3794a.dat
1 14 2256 0 -1260 0 -1 0 -1 0 0 0 0 -1 3794a.dat
1 0 2576 0 -1290 0 1 0 0 0 1 1 0 0 3004.dat
1 0 2552 0 -1270 0 1 0 0 0 1 1 0 0 3004.dat
1 0 2552 0 -1310 0 1 0 0 0 1 1 0 0 3004.dat
1 0 2552 0 -1350 0 1 0 0 0 1 1 0 0 3004.dat
1 0 2552 0 -1390 0 1 0 0 0 1 1 0 0 3004.dat
1 0 2528 0 -1370 0 1 0 0 0 1 1 0 0 3004.dat
1 0 2528 0 -1330 0 1 0 0 0 1 1 0 0 3004.dat
1 0 2528 0 -1290 0 1 0 0 0 1 1 0 0 3004.dat
1 0 2504 0 -1270 0 1 0 0 0 1 1 0 0 3004.dat
1 0 2480 0 -1270 0 1 0 0 0 1 1 0 0 3004.dat
1 0 2480 0 -1310 0 1 0 0 0 1 1 0 0 3004.dat
1 0 2504 0 -1310 0 1 0 0 0 1 1 0 0 3004.dat
1 0 2504 0 -1350 0 1 0 0 0 1 1 0 0 3004.dat
1 0 2480 0 -1350 0 1 0 0 0 1 1 0 0 3004.dat
1 0 2576 0 -1330 0 1 0 0 0 1 1 0 0 3004.dat
1 14 2256 0 -1380 0 -1 0 -1 0 0 0 0 -1 3794a.dat
0 MLCAD HIDE 1 15 2568 -10 -2280 0 -1 0 0 0 1 -1 0 0 3004.dat
0 MLCAD HIDE 1 15 2592 -10 -2300 0 -1 0 0 0 1 -1 0 0 3004.dat
0 MLCAD HIDE 1 15 3784 -10 -1660 0 -1 0 0 0 1 -1 0 0 3004.dat
0 MLCAD HIDE 1 15 2544 -10 -2300 0 -1 0 0 0 1 -1 0 0 3004.dat
1 0 2576 0 -1370 0 1 0 0 0 1 1 0 0 3004.dat
0 MLCAD HIDE 1 15 2568 -10 -2320 0 -1 0 0 0 1 -1 0 0 3004.dat
0 MLCAD HIDE 1 15 2592 -10 -2340 0 -1 0 0 0 1 -1 0 0 3004.dat
0 MLCAD HIDE 1 15 3784 -10 -1700 0 -1 0 0 0 1 -1 0 0 3004.dat
0 MLCAD HIDE 1 15 2544 -10 -2340 0 -1 0 0 0 1 -1 0 0 3004.dat
1 0 2576 0 -1410 0 1 0 0 0 1 1 0 0 3004.dat
0 MLCAD HIDE 1 15 2568 -10 -2360 0 -1 0 0 0 1 -1 0 0 3004.dat
0 MLCAD HIDE 1 15 2592 -10 -2380 0 -1 0 0 0 1 -1 0 0 3004.dat
0 MLCAD HIDE 1 15 3784 -10 -1740 0 -1 0 0 0 1 -1 0 0 3004.dat
0 MLCAD HIDE 1 15 2544 -10 -2380 0 -1 0 0 0 1 -1 0 0 3004.dat
0 MLCAD HIDE 1 15 2568 -10 -2400 0 -1 0 0 0 1 -1 0 0 3004.dat
0 MLCAD HIDE 1 15 2592 -10 -2420 0 -1 0 0 0 1 -1 0 0 3004.dat
1 15 2864 -10 -2430 0 -1 0 0 0 1 -1 0 0 3004.dat
1 15 2816 -10 -2510 0 -1 0 0 0 1 -1 0 0 3004.dat
1 15 2816 -10 -2470 0 -1 0 0 0 1 -1 0 0 3004.dat
1 15 2816 -10 -2430 0 -1 0 0 0 1 -1 0 0 3004.dat
1 15 2816 -10 -2390 0 -1 0 0 0 1 -1 0 0 3004.dat
1 15 2792 -10 -2490 0 -1 0 0 0 1 -1 0 0 3004.dat
1 15 2792 -10 -2450 0 -1 0 0 0 1 -1 0 0 3004.dat
1 15 2792 -10 -2410 0 -1 0 0 0 1 -1 0 0 3004.dat
1 15 2792 -10 -2370 0 -1 0 0 0 1 -1 0 0 3004.dat
1 15 2792 -10 -2330 0 -1 0 0 0 1 -1 0 0 3004.dat
1 15 2768 -10 -2310 0 -1 0 0 0 1 -1 0 0 3004.dat
1 15 2744 -10 -2290 0 -1 0 0 0 1 -1 0 0 3004.dat
1 15 2720 -10 -2270 0 -1 0 0 0 1 -1 0 0 3004.dat
1 15 2696 -10 -2210 0 -1 0 0 0 1 -1 0 0 3004.dat
1 15 2864 -10 -2510 0 -1 0 0 0 1 -1 0 0 3004.dat
1 15 2888 -10 -2510 0 -1 0 0 0 1 -1 0 0 3004.dat
1 15 2840 -10 -2490 0 -1 0 0 0 1 -1 0 0 3004.dat
1 15 2840 -10 -2450 0 -1 0 0 0 1 -1 0 0 3004.dat
1 15 2840 -10 -2410 0 -1 0 0 0 1 -1 0 0 3004.dat
1 15 2840 -10 -2370 0 -1 0 0 0 1 -1 0 0 3004.dat
1 15 2816 -10 -2350 0 -1 0 0 0 1 -1 0 0 3004.dat
1 15 2816 -10 -2310 0 -1 0 0 0 1 -1 0 0 3004.dat
1 15 2792 -10 -2290 0 -1 0 0 0 1 -1 0 0 3004.dat
1 15 2792 -10 -2250 0 -1 0 0 0 1 -1 0 0 3004.dat
1 15 2768 -10 -2270 0 -1 0 0 0 1 -1 0 0 3004.dat
1 15 2840 -10 -2330 0 -1 0 0 0 1 -1 0 0 3004.dat
1 15 2768 -10 -2190 0 -1 0 0 0 1 -1 0 0 3004.dat
1 15 2744 -10 -2170 0 -1 0 0 0 1 -1 0 0 3004.dat
1 15 2720 -10 -2150 0 -1 0 0 0 1 -1 0 0 3004.dat
1 15 2720 -10 -2110 0 -1 0 0 0 1 -1 0 0 3004.dat
1 15 2768 -10 -2230 0 -1 0 0 0 1 -1 0 0 3004.dat
1 15 2744 -10 -2250 0 -1 0 0 0 1 -1 0 0 3004.dat
1 15 2744 -10 -2210 0 -1 0 0 0 1 -1 0 0 3004.dat
1 15 2720 -10 -2230 0 -1 0 0 0 1 -1 0 0 3004.dat
1 15 2720 -10 -2190 0 -1 0 0 0 1 -1 0 0 3004.dat
1 15 2696 -10 -2130 0 -1 0 0 0 1 -1 0 0 3004.dat
1 15 2696 -10 -2090 0 -1 0 0 0 1 -1 0 0 3004.dat
1 15 2696 -10 -2170 0 -1 0 0 0 1 -1 0 0 3004.dat
1 15 2672 -10 -2110 0 -1 0 0 0 1 -1 0 0 3004.dat
1 15 2672 -10 -2070 0 -1 0 0 0 1 -1 0 0 3004.dat
1 15 2672 -10 -2150 0 -1 0 0 0 1 -1 0 0 3004.dat
1 15 2648 -10 -2090 0 -1 0 0 0 1 -1 0 0 3004.dat
1 15 2648 -10 -2050 0 -1 0 0 0 1 -1 0 0 3004.dat
1 15 2648 -10 -2130 0 -1 0 0 0 1 -1 0 0 3004.dat
1 15 2624 -10 -2070 0 -1 0 0 0 1 -1 0 0 3004.dat
1 15 2624 -10 -2030 0 -1 0 0 0 1 -1 0 0 3004.dat
1 15 2624 -10 -2110 0 -1 0 0 0 1 -1 0 0 3004.dat
1 15 2600 -10 -2050 0 -1 0 0 0 1 -1 0 0 3004.dat
1 15 2600 -10 -2010 0 -1 0 0 0 1 -1 0 0 3004.dat
1 15 2600 -10 -2090 0 -1 0 0 0 1 -1 0 0 3004.dat
1 15 2576 -10 -2030 0 -1 0 0 0 1 -1 0 0 3004.dat
1 15 2576 -10 -1990 0 -1 0 0 0 1 -1 0 0 3004.dat
1 15 2576 -10 -2070 0 -1 0 0 0 1 -1 0 0 3004.dat
1 15 2552 -10 -1970 0 -1 0 0 0 1 -1 0 0 3004.dat
1 15 2552 -10 -2010 0 -1 0 0 0 1 -1 0 0 3004.dat
1 15 2528 -10 -1950 0 -1 0 0 0 1 -1 0 0 3004.dat
1 15 2528 -10 -1990 0 -1 0 0 0 1 -1 0 0 3004.dat
1 15 2504 -10 -1930 0 -1 0 0 0 1 -1 0 0 3004.dat
1 15 2504 -10 -1970 0 -1 0 0 0 1 -1 0 0 3004.dat
1 15 2480 -10 -1910 0 -1 0 0 0 1 -1 0 0 3004.dat
1 15 2480 -10 -1870 0 -1 0 0 0 1 -1 0 0 3004.dat
1 15 2480 -10 -1950 0 -1 0 0 0 1 -1 0 0 3004.dat
1 15 2456 -10 -1890 0 -1 0 0 0 1 -1 0 0 3004.dat
1 15 2456 -10 -1850 0 -1 0 0 0 1 -1 0 0 3004.dat
1 15 2456 -10 -1930 0 -1 0 0 0 1 -1 0 0 3004.dat
1 15 2432 -10 -1870 0 -1 0 0 0 1 -1 0 0 3004.dat
1 15 2432 -10 -1830 0 -1 0 0 0 1 -1 0 0 3004.dat
1 15 2360 -10 -1730 0 -1 0 0 0 1 -1 0 0 3004.dat
1 15 2432 -10 -1910 0 -1 0 0 0 1 -1 0 0 3004.dat
1 15 2408 -10 -1850 0 -1 0 0 0 1 -1 0 0 3004.dat
1 15 2408 -10 -1810 0 -1 0 0 0 1 -1 0 0 3004.dat
1 15 2408 -10 -1890 0 -1 0 0 0 1 -1 0 0 3004.dat
1 15 2384 -10 -1830 0 -1 0 0 0 1 -1 0 0 3004.dat
1 15 2384 -10 -1790 0 -1 0 0 0 1 -1 0 0 3004.dat
1 15 2384 -10 -1870 0 -1 0 0 0 1 -1 0 0 3004.dat
1 15 2360 -10 -1810 0 -1 0 0 0 1 -1 0 0 3004.dat
1 15 2360 -10 -1770 0 -1 0 0 0 1 -1 0 0 3004.dat
1 15 2336 -10 -1710 0 -1 0 0 0 1 -1 0 0 3004.dat
1 15 2336 -10 -1670 0 -1 0 0 0 1 -1 0 0 3004.dat
1 15 2312 -10 -1650 0 -1 0 0 0 1 -1 0 0 3004.dat
1 15 2312 -10 -1610 0 -1 0 0 0 1 -1 0 0 3004.dat
1 15 2288 -10 -1630 0 -1 0 0 0 1 -1 0 0 3004.dat
1 15 2288 -10 -1590 0 -1 0 0 0 1 -1 0 0 3004.dat
1 15 2288 -10 -1550 0 -1 0 0 0 1 -1 0 0 3004.dat
1 15 2336 -10 -1790 0 -1 0 0 0 1 -1 0 0 3004.dat
1 15 2336 -10 -1750 0 -1 0 0 0 1 -1 0 0 3004.dat
1 15 2312 -10 -1690 0 -1 0 0 0 1 -1 0 0 3004.dat
1 15 2312 -10 -1770 0 -1 0 0 0 1 -1 0 0 3004.dat
1 15 2312 -10 -1730 0 -1 0 0 0 1 -1 0 0 3004.dat
1 15 2288 -10 -1670 0 -1 0 0 0 1 -1 0 0 3004.dat
1 15 2288 -10 -1750 0 -1 0 0 0 1 -1 0 0 3004.dat
1 15 2288 -10 -1710 0 -1 0 0 0 1 -1 0 0 3004.dat
1 15 2264 -10 -1610 0 -1 0 0 0 1 -1 0 0 3004.dat
1 15 2264 -10 -1570 0 -1 0 0 0 1 -1 0 0 3004.dat
1 15 2264 -10 -1530 0 -1 0 0 0 1 -1 0 0 3004.dat
1 15 2264 -10 -1650 0 -1 0 0 0 1 -1 0 0 3004.dat
1 15 2264 -10 -1690 0 -1 0 0 0 1 -1 0 0 3004.dat
1 15 2240 -10 -1590 0 -1 0 0 0 1 -1 0 0 3004.dat
1 15 2240 -10 -1550 0 -1 0 0 0 1 -1 0 0 3004.dat
1 15 2240 -10 -1510 0 -1 0 0 0 1 -1 0 0 3004.dat
1 15 2264 -10 -1490 0 -1 0 0 0 1 -1 0 0 3004.dat
1 15 2264 -10 -1450 0 -1 0 0 0 1 -1 0 0 3004.dat
1 15 2240 -10 -1350 0 -1 0 0 0 1 -1 0 0 3004.dat
1 15 2240 -10 -1310 0 -1 0 0 0 1 -1 0 0 3004.dat
1 15 2240 -10 -1270 0 -1 0 0 0 1 -1 0 0 3004.dat
1 15 2216 -10 -1330 0 -1 0 0 0 1 -1 0 0 3004.dat
1 15 2216 -10 -1290 0 -1 0 0 0 1 -1 0 0 3004.dat
1 15 2192 -10 -1270 0 -1 0 0 0 1 -1 0 0 3004.dat
1 15 2192 -10 -1310 0 -1 0 0 0 1 -1 0 0 3004.dat
1 15 2168 -10 -1410 0 -1 0 0 0 1 -1 0 0 3004.dat
1 15 2168 -10 -1370 0 -1 0 0 0 1 -1 0 0 3004.dat
1 15 2168 -10 -1330 0 -1 0 0 0 1 -1 0 0 3004.dat
1 15 2168 -10 -1290 0 -1 0 0 0 1 -1 0 0 3004.dat
1 15 2240 -10 -1630 0 -1 0 0 0 1 -1 0 0 3004.dat
1 15 2240 -10 -1670 0 -1 0 0 0 1 -1 0 0 3004.dat
1 15 2216 -10 -1570 0 -1 0 0 0 1 -1 0 0 3004.dat
1 15 2216 -10 -1530 0 -1 0 0 0 1 -1 0 0 3004.dat
1 15 2216 -10 -1490 0 -1 0 0 0 1 -1 0 0 3004.dat
1 15 2216 -10 -1610 0 -1 0 0 0 1 -1 0 0 3004.dat
1 15 2216 -10 -1650 0 -1 0 0 0 1 -1 0 0 3004.dat
1 15 2192 -10 -1550 0 -1 0 0 0 1 -1 0 0 3004.dat
1 15 2192 -10 -1510 0 -1 0 0 0 1 -1 0 0 3004.dat
1 15 2192 -10 -1470 0 -1 0 0 0 1 -1 0 0 3004.dat
1 15 2192 -10 -1590 0 -1 0 0 0 1 -1 0 0 3004.dat
1 15 2192 -10 -1630 0 -1 0 0 0 1 -1 0 0 3004.dat
1 15 2168 -10 -1530 0 -1 0 0 0 1 -1 0 0 3004.dat
1 15 2168 -10 -1490 0 -1 0 0 0 1 -1 0 0 3004.dat
1 15 2168 -10 -1450 0 -1 0 0 0 1 -1 0 0 3004.dat
1 15 2192 -10 -1430 0 -1 0 0 0 1 -1 0 0 3004.dat
1 15 2192 -10 -1390 0 -1 0 0 0 1 -1 0 0 3004.dat
1 15 2192 -10 -1350 0 -1 0 0 0 1 -1 0 0 3004.dat
1 15 2216 -10 -1450 0 -1 0 0 0 1 -1 0 0 3004.dat
1 15 2216 -10 -1410 0 -1 0 0 0 1 -1 0 0 3004.dat
1 15 2216 -10 -1370 0 -1 0 0 0 1 -1 0 0 3004.dat
1 15 2240 -10 -1470 0 -1 0 0 0 1 -1 0 0 3004.dat
1 15 2240 -10 -1430 0 -1 0 0 0 1 -1 0 0 3004.dat
1 15 2240 -10 -1390 0 -1 0 0 0 1 -1 0 0 3004.dat
1 15 2168 -10 -1570 0 -1 0 0 0 1 -1 0 0 3004.dat
1 15 2168 -10 -1610 0 -1 0 0 0 1 -1 0 0 3004.dat
1 15 2360 -10 -1850 0 -1 0 0 0 1 -1 0 0 3004.dat
1 15 2864 -10 -2470 0 -1 0 0 0 1 -1 0 0 3004.dat
0 MLCAD HIDE 1 15 3784 -10 -1780 0 -1 0 0 0 1 -1 0 0 3004.dat
0 MLCAD HIDE 1 15 2544 -10 -2420 0 -1 0 0 0 1 -1 0 0 3004.dat
0 MLCAD HIDE 1 15 3784 0 -1820 0 -1 0 0 0 1 -1 0 0 3003.dat
0 MLCAD HIDE 1 15 2568 0 -2440 0 -1 0 0 0 1 -1 0 0 3003.dat
1 0 2600 0 -1270 0 1 0 0 0 1 1 0 0 3004.dat
1 0 2600 0 -1310 0 1 0 0 0 1 1 0 0 3004.dat
1 0 2624 0 -1290 0 1 0 0 0 1 1 0 0 3004.dat
1 0 2600 0 -1350 0 1 0 0 0 1 1 0 0 3004.dat
1 0 2624 0 -1330 0 1 0 0 0 1 1 0 0 3004.dat
1 0 2600 0 -1390 0 1 0 0 0 1 1 0 0 3004.dat
1 0 2624 0 -1370 0 1 0 0 0 1 1 0 0 3004.dat
1 0 2600 0 -1430 0 1 0 0 0 1 1 0 0 3004.dat
1 0 2624 0 -1410 0 1 0 0 0 1 1 0 0 3004.dat
0 MLCAD HIDE 1 15 2592 0 -2450 0 -1 0 1 0 0 0 0 1 3700.dat
1 15 2816 0 -2280 0 -1 0 1 0 0 0 0 1 3700.dat
1 15 2600 0 -1980 0 -1 0 1 0 0 0 0 1 3700.dat
1 15 2576 0 -1960 0 -1 0 1 0 0 0 0 1 3700.dat
1 15 2360 0 -1700 0 -1 0 1 0 0 0 0 1 3700.dat
1 15 2384 0 -1760 0 -1 0 1 0 0 0 0 1 3700.dat
1 15 2408 0 -1780 0 -1 0 1 0 0 0 0 1 3700.dat
1 15 2504 0 -1900 0 -1 0 1 0 0 0 0 1 3700.dat
1 15 2528 0 -1920 0 -1 0 1 0 0 0 0 1 3700.dat
1 15 2552 0 -1940 0 -1 0 1 0 0 0 0 1 3700.dat
1 15 2216 0 -1260 0 -1 0 1 0 0 0 0 1 3700.dat
1 15 2168 0 -1260 0 -1 0 1 0 0 0 0 1 3700.dat
1 15 2840 0 -2520 0 -1 0 1 0 0 0 0 1 3700.dat
1 15 2864 0 -2400 0 -1 0 1 0 0 0 0 1 3700.dat
1 15 2792 0 -2220 0 -1 0 1 0 0 0 0 1 3700.dat
1 15 2792 0 -2520 0 -1 0 1 0 0 0 0 1 3700.dat
0 MLCAD HIDE 1 15 2544 0 -2450 0 -1 0 1 0 0 0 0 1 3700.dat
0 MLCAD HIDE 1 15 3272 0 -1280 0 1 0 1 0 0 0 0 -1 3700.dat
0 MLCAD HIDE 1 15 3320 0 -1280 0 1 0 1 0 0 0 0 -1 3700.dat
0 MLCAD HIDE 1 15 3296 0 -1290 0 1 0 0 0 1 1 0 0 3003.dat
0 MLCAD HIDE 1 15 3344 -10 -1370 0 1 0 0 0 1 1 0 0 3004.dat
0 MLCAD HIDE 1 15 3344 -10 -1330 0 1 0 0 0 1 1 0 0 3004.dat
0 MLCAD HIDE 1 15 3344 -10 -1410 0 1 0 0 0 1 1 0 0 3004.dat
0 MLCAD HIDE 1 15 3344 0 -1290 0 1 0 0 0 1 1 0 0 3003.dat
0 MLCAD HIDE 1 15 3248 0 -1290 0 1 0 0 0 1 1 0 0 3003.dat
0 MLCAD HIDE 1 15 2520 -10 -2280 0 -1 0 0 0 1 -1 0 0 3004.dat
0 MLCAD HIDE 1 15 2520 -10 -2320 0 -1 0 0 0 1 -1 0 0 3004.dat
0 MLCAD HIDE 1 15 2520 -10 -2360 0 -1 0 0 0 1 -1 0 0 3004.dat
0 MLCAD HIDE 1 15 2520 -10 -2400 0 -1 0 0 0 1 -1 0 0 3004.dat
0 MLCAD HIDE 1 15 2520 0 -2440 0 -1 0 0 0 1 -1 0 0 3003.dat
0 Untitled
0 Name: SP04_S_08_G01.ldr
0 Author: MLCad
0 Unofficial Model
0 MLCAD BTG dgg
0 MLCAD HIDE 1 15 2688.9 32 -1640.81 -0.707107 0.707107 0 0 0 1 0.707107 0.707107 0 3004.dat
0 MLCAD BTG dgg
0 MLCAD HIDE 1 15 2657.79 32 -1643.64 -0.707107 0.707107 0 0 0 1 0.707107 0.707107 0 3004.dat
0 MLCAD BTG dgg
0 MLCAD HIDE 1 15 2660.62 32 -1612.53 -0.707107 0.707107 0 0 0 1 0.707107 0.707107 0 3004.dat
0 MLCAD BTG dgg
0 MLCAD HIDE 1 15 2626.68 32 -1646.47 -0.707107 0.707107 0 0 0 1 0.707107 0.707107 0 3004.dat
0 MLCAD BTG dgg
0 MLCAD HIDE 1 15 2629.51 32 -1615.36 -0.707107 0.707107 0 0 0 1 0.707107 0.707107 0 3004.dat
0 MLCAD BTG dgg
0 MLCAD HIDE 1 15 2592.74 32 -1680.41 -0.707107 0.707107 0 0 0 1 0.707107 0.707107 0 3004.dat
0 MLCAD BTG dgg
0 MLCAD HIDE 1 15 2564.45 32 -1652.13 -0.707107 0.707107 0 0 0 1 0.707107 0.707107 0 3004.dat
0 MLCAD BTG dgg
0 MLCAD HIDE 1 15 2558.8 32 -1657.78 -0.707107 0.707107 0 0 0 1 0.707107 0.707107 0 3023.dat
0 MLCAD BTG dgg
0 MLCAD HIDE 1 15 2587.08 32 -1686.07 -0.707107 0.707107 0 0 0 1 0.707107 0.707107 0 3023.dat
0 MLCAD BTG dgg
0 MLCAD HIDE 1 15 2615.36 32 -1714.35 -0.707107 0.707107 0 0 0 1 0.707107 0.707107 0 3023.dat
0 MLCAD BTG dgg
0 MLCAD HIDE 1 15 2643.65 32 -1742.64 -0.707107 0.707107 0 0 0 1 0.707107 0.707107 0 3023.dat
0 MLCAD BTG dgg
0 MLCAD HIDE 1 15 2671.93 32 -1770.92 -0.707107 0.707107 0 0 0 1 0.707107 0.707107 0 3023.dat
0 MLCAD BTG dgg
0 MLCAD HIDE 1 15 2700.22 32 -1799.2 -0.707107 0.707107 0 0 0 1 0.707107 0.707107 0 3023.dat
0 MLCAD BTG dgg
0 MLCAD HIDE 1 15 2728.5 32 -1827.49 -0.707107 0.707107 0 0 0 1 0.707107 0.707107 0 3023.dat
0 MLCAD BTG dgg
0 MLCAD HIDE 1 15 2756.79 32 -1855.77 -0.707107 0.707107 0 0 0 1 0.707107 0.707107 0 3023.dat
0 MLCAD BTG dgg
0 MLCAD HIDE 1 15 2785.07 32 -1884.06 -0.707107 0.707107 0 0 0 1 0.707107 0.707107 0 3023.dat
0 MLCAD BTG dgg
0 MLCAD HIDE 1 15 2813.36 32 -1912.34 -0.707107 0.707107 0 0 0 1 0.707107 0.707107 0 3023.dat
0 MLCAD BTG dgg
0 MLCAD HIDE 1 15 2841.64 32 -1940.63 -0.707107 0.707107 0 0 0 1 0.707107 0.707107 0 3023.dat
0 MLCAD BTG dgg
0 MLCAD HIDE 1 15 2869.92 32 -1968.91 -0.707107 0.707107 0 0 0 1 0.707107 0.707107 0 3023.dat
0 MLCAD BTG dgg
0 MLCAD HIDE 1 15 2898.21 32 -1997.19 -0.707107 0.707107 0 0 0 1 0.707107 0.707107 0 3023.dat
0 MLCAD BTG dgg
0 MLCAD HIDE 1 15 2926.49 32 -2025.48 -0.707107 0.707107 0 0 0 1 0.707107 0.707107 0 3023.dat
0 MLCAD BTG dgg
0 MLCAD HIDE 1 15 2954.78 32 -2053.76 -0.707107 0.707107 0 0 0 1 0.707107 0.707107 0 3023.dat
0 MLCAD BTG dgg
0 MLCAD HIDE 1 15 2983.06 32 -2082.05 -0.707107 0.707107 0 0 0 1 0.707107 0.707107 0 3023.dat
0 MLCAD BTG dgg
0 MLCAD HIDE 1 15 2683.25 32 -1533.33 -0.707107 0.707107 0 0 0 1 0.707107 0.707107 0 3023.dat
0 MLCAD BTG dgg
0 MLCAD HIDE 1 15 2711.53 32 -1561.62 -0.707107 0.707107 0 0 0 1 0.707107 0.707107 0 3023.dat
0 MLCAD BTG dgg
0 MLCAD HIDE 1 15 2739.82 32 -1589.9 -0.707107 0.707107 0 0 0 1 0.707107 0.707107 0 3023.dat
0 MLCAD BTG dgg
0 MLCAD HIDE 1 15 2768.1 32 -1618.18 -0.707107 0.707107 0 0 0 1 0.707107 0.707107 0 3023.dat
0 MLCAD BTG dgg
0 MLCAD HIDE 1 15 2796.38 32 -1646.47 -0.707107 0.707107 0 0 0 1 0.707107 0.707107 0 3023.dat
0 MLCAD BTG dgg
0 MLCAD HIDE 1 15 2824.67 32 -1674.75 -0.707107 0.707107 0 0 0 1 0.707107 0.707107 0 3023.dat
0 MLCAD BTG dgg
0 MLCAD HIDE 1 15 2852.95 32 -1703.04 -0.707107 0.707107 0 0 0 1 0.707107 0.707107 0 3023.dat
0 MLCAD BTG dgg
0 MLCAD HIDE 1 15 2881.24 32 -1731.32 -0.707107 0.707107 0 0 0 1 0.707107 0.707107 0 3023.dat
0 MLCAD BTG dgg
0 MLCAD HIDE 1 15 2909.52 32 -1759.61 -0.707107 0.707107 0 0 0 1 0.707107 0.707107 0 3023.dat
0 MLCAD BTG dgg
0 MLCAD HIDE 1 15 2937.81 32 -1787.89 -0.707107 0.707107 0 0 0 1 0.707107 0.707107 0 3023.dat
0 MLCAD BTG dgg
0 MLCAD HIDE 1 15 2966.09 32 -1816.17 -0.707107 0.707107 0 0 0 1 0.707107 0.707107 0 3023.dat
0 MLCAD BTG dgg
0 MLCAD HIDE 1 15 2994.38 32 -1844.46 -0.707107 0.707107 0 0 0 1 0.707107 0.707107 0 3023.dat
0 MLCAD BTG dgg
0 MLCAD HIDE 1 15 3022.66 32 -1872.74 -0.707107 0.707107 0 0 0 1 0.707107 0.707107 0 3023.dat
0 MLCAD BTG dgg
0 MLCAD HIDE 1 15 3050.94 32 -1901.03 -0.707107 0.707107 0 0 0 1 0.707107 0.707107 0 3023.dat
0 MLCAD BTG dgg
0 MLCAD HIDE 1 15 3079.23 32 -1929.31 -0.707107 0.707107 0 0 0 1 0.707107 0.707107 0 3023.dat
0 MLCAD BTG dgg
0 MLCAD HIDE 1 15 3107.51 32 -1957.59 -0.707107 0.707107 0 0 0 1 0.707107 0.707107 0 3023.dat
0 MLCAD BTG dgg
0 MLCAD HIDE 1 15 2790.73 32 -1878.4 -0.707107 0.707107 0 0 0 1 0.707107 0.707107 0 3004.dat
0 MLCAD BTG dgg
0 MLCAD HIDE 1 15 2762.44 32 -1850.12 -0.707107 0.707107 0 0 0 1 0.707107 0.707107 0 3004.dat
0 MLCAD BTG dgg
0 MLCAD HIDE 1 15 2988.72 32 -2076.39 -0.707107 0.707107 0 0 0 1 0.707107 0.707107 0 3004.dat
0 MLCAD BTG dgg
0 MLCAD HIDE 1 15 2960.43 32 -2048.11 -0.707107 0.707107 0 0 0 1 0.707107 0.707107 0 3004.dat
0 MLCAD BTG dgg
0 MLCAD HIDE 1 15 2940.63 32 -1926.48 -0.707107 0.707107 0 0 0 1 0.707107 0.707107 0 3004.dat
0 MLCAD BTG dgg
0 MLCAD HIDE 1 15 2912.35 32 -1898.2 -0.707107 0.707107 0 0 0 1 0.707107 0.707107 0 3004.dat
0 MLCAD BTG dgg
0 MLCAD HIDE 1 15 2714.36 32 -1700.21 -0.707107 0.707107 0 0 0 1 0.707107 0.707107 0 3004.dat
0 MLCAD BTG dgg
0 MLCAD HIDE 1 15 2686.08 32 -1671.92 -0.707107 0.707107 0 0 0 1 0.707107 0.707107 0 3004.dat
0 MLCAD BTG dgg
0 MLCAD HIDE 1 15 2632.34 32 -1584.24 -0.707107 0.707107 0 0 0 1 0.707107 0.707107 0 3004.dat
0 MLCAD BTG dgg
0 MLCAD HIDE 1 15 2598.4 32 -1618.18 -0.707107 0.707107 0 0 0 1 0.707107 0.707107 0 3004.dat
0 MLCAD BTG dgg
0 MLCAD HIDE 1 15 2654.96 32 -1674.75 -0.707107 0.707107 0 0 0 1 0.707107 0.707107 0 3004.dat
0 MLCAD BTG dgg
0 MLCAD HIDE 1 15 2595.57 32 -1649.3 -0.707107 0.707107 0 0 0 1 0.707107 0.707107 0 3004.dat
0 MLCAD BTG dgg
0 MLCAD HIDE 1 15 2623.85 32 -1677.58 -0.707107 0.707107 0 0 0 1 0.707107 0.707107 0 3004.dat
0 MLCAD BTG dgg
0 MLCAD HIDE 1 15 2621.02 32 -1708.69 -0.707107 0.707107 0 0 0 1 0.707107 0.707107 0 3004.dat
0 MLCAD BTG dgg
0 MLCAD HIDE 1 15 2652.13 32 -1705.87 -0.707107 0.707107 0 0 0 1 0.707107 0.707107 0 3004.dat
0 MLCAD BTG dgg
0 MLCAD HIDE 1 15 2608.29 32 -1594.14 -0.707107 0.707107 0 0 0 1 0.707107 0.707107 0 3005.dat
0 MLCAD BTG dgg
0 MLCAD HIDE 1 15 2574.35 32 -1628.08 -0.707107 0.707107 0 0 0 1 0.707107 0.707107 0 3005.dat
0 MLCAD BTG dgg
0 MLCAD HIDE 1 15 2410.3 32 -1792.13 0 -0.707107 0.707107 -1 0 0 0 -0.707107 -0.707107 3794a.dat
0 MLCAD BTG dgg
0 MLCAD HIDE 1 15 2452.73 32 -1834.56 0 -0.707107 0.707107 -1 0 0 0 -0.707107 -0.707107 3794a.dat
0 MLCAD BTG dgg
0 MLCAD HIDE 1 15 2466.87 32 -1848.7 0 -0.707107 0.707107 -1 0 0 0 -0.707107 -0.707107 3794a.dat
0 MLCAD BTG dgg
0 MLCAD HIDE 1 15 2471.12 32 -1773.75 0.707107 -0.707107 0 0 0 1 -0.707107 -0.707107 0 3004.dat
0 MLCAD BTG dgg
0 MLCAD HIDE 1 15 2473.94 32 -1742.64 0.707107 -0.707107 0 0 0 1 -0.707107 -0.707107 0 3004.dat
0 MLCAD BTG dgg
0 MLCAD HIDE 1 15 2502.23 32 -1770.92 0.707107 -0.707107 0 0 0 1 -0.707107 -0.707107 0 3004.dat
0 MLCAD BTG dgg
0 MLCAD HIDE 1 15 2499.4 32 -1802.03 0.707107 -0.707107 0 0 0 1 -0.707107 -0.707107 0 3004.dat
0 MLCAD BTG dgg
0 MLCAD HIDE 1 15 2530.51 32 -1799.2 0.707107 -0.707107 0 0 0 1 -0.707107 -0.707107 0 3004.dat
0 MLCAD BTG dgg
0 MLCAD HIDE 1 15 2505.06 32 -1739.81 0.707107 -0.707107 0 0 0 1 -0.707107 -0.707107 0 3004.dat
0 MLCAD BTG dgg
0 MLCAD HIDE 1 15 2533.34 32 -1768.09 0.707107 -0.707107 0 0 0 1 -0.707107 -0.707107 0 3004.dat
0 MLCAD BTG dgg
0 MLCAD HIDE 1 15 2595.57 32 -1762.43 0.707107 -0.707107 0 0 0 1 -0.707107 -0.707107 0 3004.dat
0 MLCAD BTG dgg
0 MLCAD HIDE 1 15 2536.17 32 -1736.98 0.707107 -0.707107 0 0 0 1 -0.707107 -0.707107 0 3004.dat
0 MLCAD BTG dgg
0 MLCAD HIDE 1 15 2564.45 32 -1765.26 0.707107 -0.707107 0 0 0 1 -0.707107 -0.707107 0 3004.dat
0 MLCAD BTG dgg
0 MLCAD HIDE 1 15 2539 32 -1705.87 0.707107 -0.707107 0 0 0 1 -0.707107 -0.707107 0 3004.dat
0 MLCAD BTG dgg
0 MLCAD HIDE 1 15 2567.28 32 -1734.15 0.707107 -0.707107 0 0 0 1 -0.707107 -0.707107 0 3004.dat
0 MLCAD BTG dgg
0 MLCAD HIDE 1 15 2598.4 32 -1731.32 0.707107 -0.707107 0 0 0 1 -0.707107 -0.707107 0 3004.dat
0 MLCAD BTG dgg
0 MLCAD HIDE 1 15 2527.68 32 -1830.32 0.707107 -0.707107 0 0 0 1 -0.707107 -0.707107 0 3004.dat
0 MLCAD BTG dgg
0 MLCAD HIDE 1 15 2449.9 32 -1752.53 0.707107 -0.707107 0 0 0 1 -0.707107 -0.707107 0 3005.dat
0 MLCAD BTG dgg
0 MLCAD HIDE 1 15 2507.88 32 -1708.69 0.707107 -0.707107 0 0 0 1 -0.707107 -0.707107 0 3004.dat
0 MLCAD BTG dgg
0 MLCAD HIDE 1 15 2483.84 32 -1718.59 0.707107 -0.707107 0 0 0 1 -0.707107 -0.707107 0 3005.dat
0 MLCAD BTG dgg
0 MLCAD HIDE 1 15 2517.78 32 -1684.65 0.707107 -0.707107 0 0 0 1 -0.707107 -0.707107 0 3005.dat
0 MLCAD BTG dgg
0 MLCAD HIDE 1 15 2601.22 22 -1983.05 0.707107 -0.707107 0 0 0 1 -0.707107 -0.707107 0 3069b.dat
0 MLCAD BTG dgg
0 MLCAD HIDE 1 15 2544.65 22 -1926.48 0.707107 -0.707107 0 0 0 1 -0.707107 -0.707107 0 3069b.dat
0 MLCAD BTG dgg
0 MLCAD HIDE 1 15 2488.09 22 -1869.91 0.707107 -0.707107 0 0 0 1 -0.707107 -0.707107 0 3069b.dat
0 MLCAD BTG dgg
0 MLCAD HIDE 1 15 2431.52 22 -1813.35 0.707107 -0.707107 0 0 0 1 -0.707107 -0.707107 0 3069b.dat
0 MLCAD BTG dgg
0 MLCAD HIDE 1 15 2714.36 22 -2096.19 0.707107 -0.707107 0 0 0 1 -0.707107 -0.707107 0 3069b.dat
0 MLCAD BTG dgg
0 MLCAD HIDE 1 15 2657.79 22 -2039.62 0.707107 -0.707107 0 0 0 1 -0.707107 -0.707107 0 3069b.dat
0 MLCAD BTG dgg
0 MLCAD HIDE 1 15 2827.5 22 -2209.32 0.707107 -0.707107 0 0 0 1 -0.707107 -0.707107 0 3069b.dat
0 MLCAD BTG dgg
0 MLCAD HIDE 1 15 2770.93 22 -2152.76 0.707107 -0.707107 0 0 0 1 -0.707107 -0.707107 0 3069b.dat
0 MLCAD BTG dgg
0 MLCAD HIDE 1 15 2703.05 22 -1541.82 -0.707107 0.707107 0 0 0 1 0.707107 0.707107 0 3069b.dat
0 MLCAD BTG dgg
0 MLCAD HIDE 1 15 2759.61 22 -1598.39 -0.707107 0.707107 0 0 0 1 0.707107 0.707107 0 3069b.dat
0 MLCAD BTG dgg
0 MLCAD HIDE 1 15 2816.18 22 -1654.95 -0.707107 0.707107 0 0 0 1 0.707107 0.707107 0 3069b.dat
0 MLCAD BTG dgg
0 MLCAD HIDE 1 15 2872.75 22 -1711.52 -0.707107 0.707107 0 0 0 1 0.707107 0.707107 0 3069b.dat
0 MLCAD BTG dgg
0 MLCAD HIDE 1 15 2929.32 22 -1768.09 -0.707107 0.707107 0 0 0 1 0.707107 0.707107 0 3069b.dat
0 MLCAD BTG dgg
0 MLCAD HIDE 1 15 2553.14 32 -1663.44 0.707107 -0.707107 0 0 0 1 -0.707107 -0.707107 0 3069b.dat
0 MLCAD BTG dgg
0 MLCAD HIDE 1 15 2553.14 32 -1663.44 -0.707107 0.707107 0 0 0 1 0.707107 0.707107 0 3069b.dat
0 MLCAD BTG dgg
0 MLCAD HIDE 1 15 2581.42 32 -1691.72 0.707107 -0.707107 0 0 0 1 -0.707107 -0.707107 0 3069b.dat
0 MLCAD BTG dgg
0 MLCAD HIDE 1 15 2581.42 32 -1691.72 -0.707107 0.707107 0 0 0 1 0.707107 0.707107 0 3069b.dat
0 MLCAD BTG dgg
0 MLCAD HIDE 1 15 2609.71 32 -1720.01 0.707107 -0.707107 0 0 0 1 -0.707107 -0.707107 0 3069b.dat
0 MLCAD BTG dgg
0 MLCAD HIDE 1 15 2609.71 32 -1720.01 -0.707107 0.707107 0 0 0 1 0.707107 0.707107 0 3069b.dat
0 MLCAD BTG dgg
0 MLCAD HIDE 1 15 2637.99 32 -1748.29 0.707107 -0.707107 0 0 0 1 -0.707107 -0.707107 0 3069b.dat
0 MLCAD BTG dgg
0 MLCAD HIDE 1 15 2637.99 32 -1748.29 -0.707107 0.707107 0 0 0 1 0.707107 0.707107 0 3069b.dat
0 MLCAD BTG dgg
0 MLCAD HIDE 1 15 2666.28 32 -1776.58 0.707107 -0.707107 0 0 0 1 -0.707107 -0.707107 0 3069b.dat
0 MLCAD BTG dgg
0 MLCAD HIDE 1 15 2666.28 32 -1776.58 -0.707107 0.707107 0 0 0 1 0.707107 0.707107 0 3069b.dat
0 MLCAD BTG dgg
0 MLCAD HIDE 1 15 2694.56 32 -1804.86 0.707107 -0.707107 0 0 0 1 -0.707107 -0.707107 0 3069b.dat
0 MLCAD BTG dgg
0 MLCAD HIDE 1 15 2694.56 32 -1804.86 -0.707107 0.707107 0 0 0 1 0.707107 0.707107 0 3069b.dat
0 MLCAD BTG dgg
0 MLCAD HIDE 1 15 2722.85 32 -1833.15 0.707107 -0.707107 0 0 0 1 -0.707107 -0.707107 0 3069b.dat
0 MLCAD BTG dgg
0 MLCAD HIDE 1 15 2722.85 32 -1833.15 -0.707107 0.707107 0 0 0 1 0.707107 0.707107 0 3069b.dat
0 MLCAD BTG dgg
0 MLCAD HIDE 1 15 2751.13 32 -1861.43 0.707107 -0.707107 0 0 0 1 -0.707107 -0.707107 0 3069b.dat
0 MLCAD BTG dgg
0 MLCAD HIDE 1 15 2751.13 32 -1861.43 -0.707107 0.707107 0 0 0 1 0.707107 0.707107 0 3069b.dat
0 MLCAD BTG dgg
0 MLCAD HIDE 1 15 2779.41 32 -1889.71 0.707107 -0.707107 0 0 0 1 -0.707107 -0.707107 0 3069b.dat
0 MLCAD BTG dgg
0 MLCAD HIDE 1 15 2779.41 32 -1889.71 -0.707107 0.707107 0 0 0 1 0.707107 0.707107 0 3069b.dat
0 MLCAD BTG dgg
0 MLCAD HIDE 1 15 2807.7 32 -1918 0.707107 -0.707107 0 0 0 1 -0.707107 -0.707107 0 3069b.dat
0 MLCAD BTG dgg
0 MLCAD HIDE 1 15 2807.7 32 -1918 -0.707107 0.707107 0 0 0 1 0.707107 0.707107 0 3069b.dat
0 MLCAD BTG dgg
0 MLCAD HIDE 1 15 2835.98 32 -1946.28 0.707107 -0.707107 0 0 0 1 -0.707107 -0.707107 0 3069b.dat
0 MLCAD BTG dgg
0 MLCAD HIDE 1 15 2835.98 32 -1946.28 -0.707107 0.707107 0 0 0 1 0.707107 0.707107 0 3069b.dat
0 MLCAD BTG dgg
0 MLCAD HIDE 1 15 2864.27 32 -1974.57 0.707107 -0.707107 0 0 0 1 -0.707107 -0.707107 0 3069b.dat
0 MLCAD BTG dgg
0 MLCAD HIDE 1 15 2864.27 32 -1974.57 -0.707107 0.707107 0 0 0 1 0.707107 0.707107 0 3069b.dat
0 MLCAD BTG dgg
0 MLCAD HIDE 1 15 2892.55 32 -2002.85 0.707107 -0.707107 0 0 0 1 -0.707107 -0.707107 0 3069b.dat
0 MLCAD BTG dgg
0 MLCAD HIDE 1 15 2892.55 32 -2002.85 -0.707107 0.707107 0 0 0 1 0.707107 0.707107 0 3069b.dat
0 MLCAD BTG dgg
0 MLCAD HIDE 1 15 2920.84 32 -2031.13 0.707107 -0.707107 0 0 0 1 -0.707107 -0.707107 0 3069b.dat
0 MLCAD BTG dgg
0 MLCAD HIDE 1 15 2920.84 32 -2031.13 -0.707107 0.707107 0 0 0 1 0.707107 0.707107 0 3069b.dat
0 MLCAD BTG dgg
0 MLCAD HIDE 1 15 2949.12 32 -2059.42 0.707107 -0.707107 0 0 0 1 -0.707107 -0.707107 0 3069b.dat
0 MLCAD BTG dgg
0 MLCAD HIDE 1 15 2949.12 32 -2059.42 -0.707107 0.707107 0 0 0 1 0.707107 0.707107 0 3069b.dat
0 MLCAD BTG dgg
0 MLCAD HIDE 1 15 2977.4 32 -2087.7 0.707107 -0.707107 0 0 0 1 -0.707107 -0.707107 0 3069b.dat
0 MLCAD BTG dgg
0 MLCAD HIDE 1 15 2977.4 32 -2087.7 -0.707107 0.707107 0 0 0 1 0.707107 0.707107 0 3069b.dat
0 MLCAD BTG dgg
0 MLCAD HIDE 1 15 2985.89 22 -1824.66 -0.707107 0.707107 0 0 0 1 0.707107 0.707107 0 3069b.dat
0 MLCAD BTG dgg
0 MLCAD HIDE 1 15 3042.46 22 -1881.23 -0.707107 0.707107 0 0 0 1 0.707107 0.707107 0 3069b.dat
0 MLCAD BTG dgg
0 MLCAD HIDE 1 15 3099.03 22 -1937.8 -0.707107 0.707107 0 0 0 1 0.707107 0.707107 0 3069b.dat
0 MLCAD BTG dgg
0 MLCAD HIDE 1 15 2738.4 32 -1577.17 0 0.707107 -0.707107 -1 0 0 0 0.707107 0.707107 3794a.dat
0 MLCAD BTG dgg
0 MLCAD HIDE 1 15 2724.26 32 -1563.03 0 0.707107 -0.707107 -1 0 0 0 0.707107 0.707107 3794a.dat
0 MLCAD BTG dgg
0 MLCAD HIDE 1 15 2681.83 32 -1520.6 0 0.707107 -0.707107 -1 0 0 0 0.707107 0.707107 3794a.dat
0 MLCAD BTG dgg
0 MLCAD HIDE 1 15 3046.7 32 -2032.55 -0.707107 0.707107 0 0 0 1 0.707107 0.707107 0 3005.dat
0 MLCAD BTG dgg
0 MLCAD HIDE 1 15 3012.76 32 -2066.49 -0.707107 0.707107 0 0 0 1 0.707107 0.707107 0 3005.dat
0 MLCAD BTG dgg
0 MLCAD HIDE 1 15 2888.31 32 -2190.94 0.707107 -0.707107 0 0 0 1 -0.707107 -0.707107 0 3005.dat
0 MLCAD BTG dgg
0 MLCAD HIDE 1 15 2922.25 32 -2157 0.707107 -0.707107 0 0 0 1 -0.707107 -0.707107 0 3005.dat
0 MLCAD BTG dgg
0 MLCAD HIDE 1 15 2956.19 32 -2123.06 0.707107 -0.707107 0 0 0 1 -0.707107 -0.707107 0 3005.dat
0 MLCAD BTG dgg
0 MLCAD HIDE 1 15 2816.18 22 -1541.82 -0.707107 0.707107 0 0 0 1 0.707107 0.707107 0 3004.dat
0 MLCAD BTG dgg
0 MLCAD HIDE 1 15 2785.07 22 -1544.65 -0.707107 0.707107 0 0 0 1 0.707107 0.707107 0 3004.dat
0 MLCAD BTG dgg
0 MLCAD HIDE 1 15 2782.24 22 -1575.76 -0.707107 0.707107 0 0 0 1 0.707107 0.707107 0 3004.dat
0 MLCAD BTG dgg
0 MLCAD HIDE 1 15 2787.9 22 -1513.53 -0.707107 0.707107 0 0 0 1 0.707107 0.707107 0 3004.dat
0 MLCAD BTG dgg
0 MLCAD HIDE 1 15 2756.79 22 -1516.36 -0.707107 0.707107 0 0 0 1 0.707107 0.707107 0 3004.dat
0 MLCAD BTG dgg
0 MLCAD HIDE 1 15 2753.96 22 -1547.47 -0.707107 0.707107 0 0 0 1 0.707107 0.707107 0 3004.dat
0 MLCAD BTG dgg
0 MLCAD HIDE 1 15 2759.61 22 -1485.25 -0.707107 0.707107 0 0 0 1 0.707107 0.707107 0 3004.dat
0 MLCAD BTG dgg
0 MLCAD HIDE 1 15 2725.67 22 -1519.19 -0.707107 0.707107 0 0 0 1 0.707107 0.707107 0 3004.dat
0 MLCAD BTG dgg
0 MLCAD HIDE 1 15 2751.13 22 -1578.59 -0.707107 0.707107 0 0 0 1 0.707107 0.707107 0 3004.dat
0 MLCAD BTG dgg
0 MLCAD HIDE 1 15 2722.85 22 -1550.3 -0.707107 0.707107 0 0 0 1 0.707107 0.707107 0 3004.dat
0 MLCAD BTG dgg
0 MLCAD HIDE 1 15 2717.19 32 -1669.1 -0.707107 0.707107 0 0 0 1 0.707107 0.707107 0 3004.dat
0 MLCAD BTG dgg
0 MLCAD HIDE 1 15 2683.25 32 -1703.04 -0.707107 0.707107 0 0 0 1 0.707107 0.707107 0 3004.dat
0 MLCAD BTG dgg
0 MLCAD HIDE 1 15 2680.42 32 -1734.15 -0.707107 0.707107 0 0 0 1 0.707107 0.707107 0 3004.dat
0 MLCAD BTG dgg
0 MLCAD HIDE 1 15 2649.31 32 -1736.98 -0.707107 0.707107 0 0 0 1 0.707107 0.707107 0 3004.dat
0 MLCAD BTG dgg
0 MLCAD HIDE 1 15 2509.3 32 -1891.13 0 -0.707107 0.707107 -1 0 0 0 -0.707107 -0.707107 3794a.dat
0 MLCAD BTG dgg
0 MLCAD HIDE 1 15 2555.97 32 -1858.6 0.707107 -0.707107 0 0 0 1 -0.707107 -0.707107 0 3004.dat
0 MLCAD BTG dgg
0 MLCAD HIDE 1 15 2558.8 32 -1827.49 0.707107 -0.707107 0 0 0 1 -0.707107 -0.707107 0 3004.dat
0 MLCAD BTG dgg
0 MLCAD HIDE 1 15 2623.85 32 -1790.72 0.707107 -0.707107 0 0 0 1 -0.707107 -0.707107 0 3004.dat
0 MLCAD BTG dgg
0 MLCAD HIDE 1 15 2592.74 32 -1793.55 0.707107 -0.707107 0 0 0 1 -0.707107 -0.707107 0 3004.dat
0 MLCAD BTG dgg
0 MLCAD HIDE 1 15 2626.68 32 -1759.61 0.707107 -0.707107 0 0 0 1 -0.707107 -0.707107 0 3004.dat
0 MLCAD BTG dgg
0 MLCAD HIDE 1 15 2780.83 32 -1619.6 0 0.707107 -0.707107 -1 0 0 0 0.707107 0.707107 3794a.dat
0 MLCAD BTG dgg
0 MLCAD HIDE 1 15 2844.47 22 -1570.1 -0.707107 0.707107 0 0 0 1 0.707107 0.707107 0 3004.dat
0 MLCAD BTG dgg
0 MLCAD HIDE 1 15 2813.36 22 -1572.93 -0.707107 0.707107 0 0 0 1 0.707107 0.707107 0 3004.dat
0 MLCAD BTG dgg
0 MLCAD HIDE 1 15 2810.53 22 -1604.04 -0.707107 0.707107 0 0 0 1 0.707107 0.707107 0 3004.dat
0 MLCAD BTG dgg
0 MLCAD HIDE 1 15 2779.41 22 -1606.87 -0.707107 0.707107 0 0 0 1 0.707107 0.707107 0 3004.dat
0 MLCAD BTG dgg
0 MLCAD HIDE 1 15 2742.65 32 -1728.49 -0.707107 0.707107 0 0 0 1 0.707107 0.707107 0 3004.dat
0 MLCAD BTG dgg
0 MLCAD HIDE 1 15 2745.47 32 -1697.38 -0.707107 0.707107 0 0 0 1 0.707107 0.707107 0 3004.dat
0 MLCAD BTG dgg
0 MLCAD HIDE 1 15 2711.53 32 -1731.32 -0.707107 0.707107 0 0 0 1 0.707107 0.707107 0 3004.dat
0 MLCAD BTG dgg
0 MLCAD HIDE 1 15 2708.7 32 -1762.43 -0.707107 0.707107 0 0 0 1 0.707107 0.707107 0 3004.dat
0 MLCAD BTG dgg
0 MLCAD HIDE 1 15 2677.59 32 -1765.26 -0.707107 0.707107 0 0 0 1 0.707107 0.707107 0 3004.dat
0 MLCAD BTG dgg
0 MLCAD HIDE 1 15 2523.44 32 -1905.27 0 -0.707107 0.707107 -1 0 0 0 -0.707107 -0.707107 3794a.dat
0 MLCAD BTG dgg
0 MLCAD HIDE 1 15 2580.01 32 -1961.84 0 -0.707107 0.707107 -1 0 0 0 -0.707107 -0.707107 3794a.dat
0 MLCAD BTG dgg
0 MLCAD HIDE 1 15 2636.58 32 -2018.41 0 -0.707107 0.707107 -1 0 0 0 -0.707107 -0.707107 3794a.dat
0 MLCAD BTG dgg
0 MLCAD HIDE 1 15 2693.15 32 -2074.97 0 -0.707107 0.707107 -1 0 0 0 -0.707107 -0.707107 3794a.dat
0 MLCAD BTG dgg
0 MLCAD HIDE 1 15 2749.72 32 -2131.54 0 -0.707107 0.707107 -1 0 0 0 -0.707107 -0.707107 3794a.dat
0 MLCAD BTG dgg
0 MLCAD HIDE 1 15 2806.28 32 -2188.11 0 -0.707107 0.707107 -1 0 0 0 -0.707107 -0.707107 3794a.dat
0 MLCAD BTG dgg
0 MLCAD HIDE 1 15 2584.25 32 -1886.89 0.707107 -0.707107 0 0 0 1 -0.707107 -0.707107 0 3004.dat
0 MLCAD BTG dgg
0 MLCAD HIDE 1 15 2587.08 32 -1855.77 0.707107 -0.707107 0 0 0 1 -0.707107 -0.707107 0 3004.dat
0 MLCAD BTG dgg
0 MLCAD HIDE 1 15 2618.19 32 -1852.94 0.707107 -0.707107 0 0 0 1 -0.707107 -0.707107 0 3004.dat
0 MLCAD BTG dgg
0 MLCAD HIDE 1 15 2652.13 32 -1819 0.707107 -0.707107 0 0 0 1 -0.707107 -0.707107 0 3004.dat
0 MLCAD BTG dgg
0 MLCAD HIDE 1 15 2621.02 32 -1821.83 0.707107 -0.707107 0 0 0 1 -0.707107 -0.707107 0 3004.dat
0 MLCAD BTG dgg
0 MLCAD HIDE 1 15 2654.96 32 -1787.89 0.707107 -0.707107 0 0 0 1 -0.707107 -0.707107 0 3004.dat
0 MLCAD BTG dgg
0 MLCAD HIDE 1 15 2872.75 22 -1598.39 -0.707107 0.707107 0 0 0 1 0.707107 0.707107 0 3004.dat
0 MLCAD BTG dgg
0 MLCAD HIDE 1 15 2841.64 22 -1601.21 -0.707107 0.707107 0 0 0 1 0.707107 0.707107 0 3004.dat
0 MLCAD BTG dgg
0 MLCAD HIDE 1 15 2838.81 22 -1632.33 -0.707107 0.707107 0 0 0 1 0.707107 0.707107 0 3004.dat
0 MLCAD BTG dgg
0 MLCAD HIDE 1 15 2807.7 22 -1635.16 -0.707107 0.707107 0 0 0 1 0.707107 0.707107 0 3004.dat
0 MLCAD BTG dgg
0 MLCAD HIDE 1 15 2770.93 32 -1756.78 -0.707107 0.707107 0 0 0 1 0.707107 0.707107 0 3004.dat
0 MLCAD BTG dgg
0 MLCAD HIDE 1 15 2773.76 32 -1725.66 -0.707107 0.707107 0 0 0 1 0.707107 0.707107 0 3004.dat
0 MLCAD BTG dgg
0 MLCAD HIDE 1 15 2739.82 32 -1759.61 -0.707107 0.707107 0 0 0 1 0.707107 0.707107 0 3004.dat
0 MLCAD BTG dgg
0 MLCAD HIDE 1 15 2736.99 32 -1790.72 -0.707107 0.707107 0 0 0 1 0.707107 0.707107 0 3004.dat
0 MLCAD BTG dgg
0 MLCAD HIDE 1 15 2705.88 32 -1793.55 -0.707107 0.707107 0 0 0 1 0.707107 0.707107 0 3004.dat
0 MLCAD BTG dgg
0 MLCAD HIDE 1 15 2565.87 32 -1947.7 0 -0.707107 0.707107 -1 0 0 0 -0.707107 -0.707107 3794a.dat
0 MLCAD BTG dgg
0 MLCAD HIDE 1 15 2612.54 32 -1915.17 0.707107 -0.707107 0 0 0 1 -0.707107 -0.707107 0 3004.dat
0 MLCAD BTG dgg
0 MLCAD HIDE 1 15 2615.36 32 -1884.06 0.707107 -0.707107 0 0 0 1 -0.707107 -0.707107 0 3004.dat
0 MLCAD BTG dgg
0 MLCAD HIDE 1 15 2646.48 32 -1881.23 0.707107 -0.707107 0 0 0 1 -0.707107 -0.707107 0 3004.dat
0 MLCAD BTG dgg
0 MLCAD HIDE 1 15 2561.63 32 -1796.38 0.707107 -0.707107 0 0 0 1 -0.707107 -0.707107 0 3004.dat
0 MLCAD BTG dgg
0 MLCAD HIDE 1 15 2589.91 32 -1824.66 0.707107 -0.707107 0 0 0 1 -0.707107 -0.707107 0 3004.dat
0 MLCAD BTG dgg
0 MLCAD HIDE 1 15 2739.82 32 -1872.74 0.707107 -0.707107 0 0 0 1 -0.707107 -0.707107 0 3004.dat
0 MLCAD BTG dgg
0 MLCAD HIDE 1 15 2768.1 32 -1901.03 0.707107 -0.707107 0 0 0 1 -0.707107 -0.707107 0 3004.dat
0 MLCAD BTG dgg
0 MLCAD HIDE 1 15 2816.18 32 -2050.93 0.707107 -0.707107 0 0 0 1 -0.707107 -0.707107 0 3004.dat
0 MLCAD BTG dgg
0 MLCAD HIDE 1 15 2844.47 32 -2079.22 0.707107 -0.707107 0 0 0 1 -0.707107 -0.707107 0 3004.dat
0 MLCAD BTG dgg
0 MLCAD HIDE 1 15 2937.81 32 -2070.73 0.707107 -0.707107 0 0 0 1 -0.707107 -0.707107 0 3004.dat
0 MLCAD BTG dgg
0 MLCAD HIDE 1 15 2966.09 32 -2099.02 0.707107 -0.707107 0 0 0 1 -0.707107 -0.707107 0 3004.dat
0 MLCAD BTG dgg
0 MLCAD HIDE 1 15 2847.3 32 -2217.81 0.707107 -0.707107 0 0 0 1 -0.707107 -0.707107 0 3023.dat
0 MLCAD BTG dgg
0 MLCAD HIDE 1 15 2971.75 32 -2093.36 0.707107 -0.707107 0 0 0 1 -0.707107 -0.707107 0 3023.dat
0 MLCAD BTG dgg
0 MLCAD HIDE 1 15 2819.01 32 -2189.53 0.707107 -0.707107 0 0 0 1 -0.707107 -0.707107 0 3023.dat
0 MLCAD BTG dgg
0 MLCAD HIDE 1 15 2943.46 32 -2065.08 0.707107 -0.707107 0 0 0 1 -0.707107 -0.707107 0 3023.dat
0 MLCAD BTG dgg
0 MLCAD HIDE 1 15 2790.73 32 -2161.24 0.707107 -0.707107 0 0 0 1 -0.707107 -0.707107 0 3023.dat
0 MLCAD BTG dgg
0 MLCAD HIDE 1 15 2915.18 32 -2036.79 0.707107 -0.707107 0 0 0 1 -0.707107 -0.707107 0 3023.dat
0 MLCAD BTG dgg
0 MLCAD HIDE 1 15 2762.44 32 -2132.96 0.707107 -0.707107 0 0 0 1 -0.707107 -0.707107 0 3023.dat
0 MLCAD BTG dgg
0 MLCAD HIDE 1 15 2886.89 32 -2008.51 0.707107 -0.707107 0 0 0 1 -0.707107 -0.707107 0 3023.dat
0 MLCAD BTG dgg
0 MLCAD HIDE 1 15 2734.16 32 -2104.67 0.707107 -0.707107 0 0 0 1 -0.707107 -0.707107 0 3023.dat
0 MLCAD BTG dgg
0 MLCAD HIDE 1 15 2858.61 32 -1980.22 0.707107 -0.707107 0 0 0 1 -0.707107 -0.707107 0 3023.dat
0 MLCAD BTG dgg
0 MLCAD HIDE 1 15 2705.88 32 -2076.39 0.707107 -0.707107 0 0 0 1 -0.707107 -0.707107 0 3023.dat
0 MLCAD BTG dgg
0 MLCAD HIDE 1 15 2830.33 32 -1951.94 0.707107 -0.707107 0 0 0 1 -0.707107 -0.707107 0 3023.dat
0 MLCAD BTG dgg
0 MLCAD HIDE 1 15 2677.59 32 -2048.11 0.707107 -0.707107 0 0 0 1 -0.707107 -0.707107 0 3023.dat
0 MLCAD BTG dgg
0 MLCAD HIDE 1 15 2802.04 32 -1923.65 0.707107 -0.707107 0 0 0 1 -0.707107 -0.707107 0 3023.dat
0 MLCAD BTG dgg
0 MLCAD HIDE 1 15 2649.31 32 -2019.82 0.707107 -0.707107 0 0 0 1 -0.707107 -0.707107 0 3023.dat
0 MLCAD BTG dgg
0 MLCAD HIDE 1 15 2773.76 32 -1895.37 0.707107 -0.707107 0 0 0 1 -0.707107 -0.707107 0 3023.dat
0 MLCAD BTG dgg
0 MLCAD HIDE 1 15 2621.02 32 -1991.54 0.707107 -0.707107 0 0 0 1 -0.707107 -0.707107 0 3023.dat
0 MLCAD BTG dgg
0 MLCAD HIDE 1 15 2745.47 32 -1867.09 0.707107 -0.707107 0 0 0 1 -0.707107 -0.707107 0 3023.dat
0 MLCAD BTG dgg
0 MLCAD HIDE 1 15 2592.74 32 -1963.25 0.707107 -0.707107 0 0 0 1 -0.707107 -0.707107 0 3023.dat
0 MLCAD BTG dgg
0 MLCAD HIDE 1 15 2564.45 32 -1934.97 0.707107 -0.707107 0 0 0 1 -0.707107 -0.707107 0 3023.dat
0 MLCAD BTG dgg
0 MLCAD HIDE 1 15 2536.17 32 -1906.68 0.707107 -0.707107 0 0 0 1 -0.707107 -0.707107 0 3023.dat
0 MLCAD BTG dgg
0 MLCAD HIDE 1 15 2507.88 32 -1878.4 0.707107 -0.707107 0 0 0 1 -0.707107 -0.707107 0 3023.dat
0 MLCAD BTG dgg
0 MLCAD HIDE 1 15 2479.6 32 -1850.12 0.707107 -0.707107 0 0 0 1 -0.707107 -0.707107 0 3023.dat
0 MLCAD BTG dgg
0 MLCAD HIDE 1 15 2451.32 32 -1821.83 0.707107 -0.707107 0 0 0 1 -0.707107 -0.707107 0 3023.dat
0 MLCAD BTG dgg
0 MLCAD HIDE 1 15 2423.03 32 -1793.55 0.707107 -0.707107 0 0 0 1 -0.707107 -0.707107 0 3023.dat
0 MLCAD BTG dgg
0 MLCAD HIDE 1 15 2688.9 32 -1810.52 0.707107 -0.707107 0 0 0 1 -0.707107 -0.707107 0 3023.dat
0 MLCAD BTG dgg
0 MLCAD HIDE 1 15 2660.62 32 -1782.23 0.707107 -0.707107 0 0 0 1 -0.707107 -0.707107 0 3023.dat
0 MLCAD BTG dgg
0 MLCAD HIDE 1 15 2632.34 32 -1753.95 0.707107 -0.707107 0 0 0 1 -0.707107 -0.707107 0 3023.dat
0 MLCAD BTG dgg
0 MLCAD HIDE 1 15 2604.05 32 -1725.66 0.707107 -0.707107 0 0 0 1 -0.707107 -0.707107 0 3023.dat
0 MLCAD BTG dgg
0 MLCAD HIDE 1 15 2575.77 32 -1697.38 0.707107 -0.707107 0 0 0 1 -0.707107 -0.707107 0 3023.dat
0 MLCAD BTG dgg
0 MLCAD HIDE 1 15 2547.48 32 -1669.1 0.707107 -0.707107 0 0 0 1 -0.707107 -0.707107 0 3023.dat
0 MLCAD BTG dgg
0 MLCAD HIDE 1 15 2717.19 32 -1838.8 0.707107 -0.707107 0 0 0 1 -0.707107 -0.707107 0 3023.dat
0 MLCAD BTG dgg
0 MLCAD HIDE 1 15 2541.83 32 -1674.75 0.707107 -0.707107 0 0 0 1 -0.707107 -0.707107 0 3004.dat
0 MLCAD BTG dgg
0 MLCAD HIDE 1 15 2570.11 32 -1703.04 0.707107 -0.707107 0 0 0 1 -0.707107 -0.707107 0 3004.dat
0 MLCAD BTG dgg
0 MLCAD HIDE 1 15 2680.42 32 -1847.29 0.707107 -0.707107 0 0 0 1 -0.707107 -0.707107 0 3004.dat
0 MLCAD BTG dgg
0 MLCAD HIDE 1 15 2649.31 32 -1850.12 0.707107 -0.707107 0 0 0 1 -0.707107 -0.707107 0 3004.dat
0 MLCAD BTG dgg
0 MLCAD HIDE 1 15 2683.25 32 -1816.17 0.707107 -0.707107 0 0 0 1 -0.707107 -0.707107 0 3004.dat
0 MLCAD BTG dgg
0 MLCAD HIDE 1 15 2837.4 32 -1676.17 0 0.707107 -0.707107 -1 0 0 0 0.707107 0.707107 3794a.dat
