0 Utility Pole
0 Name: infrastructure_powerline_straight_straight.ldr
0 Author: Michael Horvath
0 SYNTH BEGIN STRING_HOSE 16
0 SYNTH SHOW
0 ROTATION CENTER 0 0 0 1 "Custom" 
0 ROTATION CONFIG 0 0
0 MLCAD HIDE 1 14 -320 -504 64 0 -1 0 1 0 0 0 0 1 LS04.dat
0 MLCAD HIDE 1 14 0 -488 64 0 -1 0 1 0 0 0 0 1 LS04.dat
0 MLCAD HIDE 1 14 320 -504 64 0 -1 0 1 0 0 0 0 1 LS04.dat
0 SYNTH SYNTHESIZED BEGIN
1 16 -318.001 -503.951 64 0 0.0245 0.9997 0 -0.9997 0.0245 -1 0 0 LS60.dat
1 16 -316.491 -503.889 64 0 0.037 0.9993 0 -0.9993 0.037 -1 0 0 LS60.dat
1 16 -314.962 -503.825 64 0 0.0407 0.9992 0 -0.9992 0.0407 -1 0 0 LS60.dat
1 16 -313.451 -503.759 64 0 0.0428 0.9991 0 -0.9991 0.0428 -1 0 0 LS60.dat
1 16 -311.924 -503.691 64 0 0.0441 0.999 0 -0.999 0.0441 -1 0 0 LS60.dat
1 16 -310.423 -503.623 64 0 0.045 0.999 0 -0.999 0.045 -1 0 0 LS60.dat
1 16 -308.898 -503.553 64 0 0.0458 0.999 0 -0.999 0.0458 -1 0 0 LS60.dat
1 16 -307.363 -503.481 64 0 0.0463 0.9989 0 -0.9989 0.0463 -1 0 0 LS60.dat
1 16 -305.826 -503.409 64 0 0.0468 0.9989 0 -0.9989 0.0468 -1 0 0 LS60.dat
1 16 -304.296 -503.337 64 0 0.0472 0.9989 0 -0.9989 0.0472 -1 0 0 LS60.dat
1 16 -302.776 -503.264 64 0 0.0476 0.9989 0 -0.9989 0.0476 -1 0 0 LS60.dat
1 16 -301.27 -503.192 64 0 0.0478 0.9989 0 -0.9989 0.0478 -1 0 0 LS60.dat
1 16 -299.707 -503.116 64 0 0.0481 0.9988 0 -0.9988 0.0481 -1 0 0 LS60.dat
1 16 -298.163 -503.042 64 0 0.0483 0.9988 0 -0.9988 0.0483 -1 0 0 LS60.dat
1 16 -296.641 -502.968 64 0 0.0485 0.9988 0 -0.9988 0.0485 -1 0 0 LS60.dat
1 16 -295.14 -502.894 64 0 0.0487 0.9988 0 -0.9988 0.0487 -1 0 0 LS60.dat
1 16 -293.592 -502.818 64 0 0.0489 0.9988 0 -0.9988 0.0489 -1 0 0 LS60.dat
1 16 -292.068 -502.744 64 0 0.049 0.9988 0 -0.9988 0.049 -1 0 0 LS60.dat
1 16 -290.569 -502.67 64 0 0.0492 0.9988 0 -0.9988 0.0492 -1 0 0 LS60.dat
1 16 -289.027 -502.594 64 0 0.0493 0.9988 0 -0.9988 0.0493 -1 0 0 LS60.dat
1 16 -287.51 -502.518 64 0 0.0494 0.9988 0 -0.9988 0.0494 -1 0 0 LS60.dat
1 16 -285.955 -502.441 64 0 0.0495 0.9988 0 -0.9988 0.0495 -1 0 0 LS60.dat
1 16 -284.427 -502.365 64 0 0.0496 0.9988 0 -0.9988 0.0496 -1 0 0 LS60.dat
1 16 -282.924 -502.29 64 0 0.0497 0.9988 0 -0.9988 0.0497 -1 0 0 LS60.dat
1 16 -281.386 -502.214 64 0 0.0498 0.9988 0 -0.9988 0.0498 -1 0 0 LS60.dat
1 16 -279.874 -502.138 64 0 0.0499 0.9988 0 -0.9988 0.0499 -1 0 0 LS60.dat
1 16 -278.329 -502.061 64 0 0.05 0.9988 0 -0.9988 0.05 -1 0 0 LS60.dat
1 16 -276.81 -501.985 64 0 0.0501 0.9987 0 -0.9987 0.0501 -1 0 0 LS60.dat
1 16 -275.261 -501.907 64 0 0.0501 0.9987 0 -0.9987 0.0501 -1 0 0 LS60.dat
1 16 -273.738 -501.83 64 0 0.0502 0.9987 0 -0.9987 0.0502 -1 0 0 LS60.dat
1 16 -272.186 -501.752 64 0 0.0502 0.9987 0 -0.9987 0.0502 -1 0 0 LS60.dat
1 16 -270.66 -501.675 64 0 0.0503 0.9987 0 -0.9987 0.0503 -1 0 0 LS60.dat
1 16 -269.16 -501.6 64 0 0.0504 0.9987 0 -0.9987 0.0504 -1 0 0 LS60.dat
1 16 -267.632 -501.522 64 0 0.0504 0.9987 0 -0.9987 0.0504 -1 0 0 LS60.dat
1 16 -266.129 -501.447 64 0 0.0505 0.9987 0 -0.9987 0.0505 -1 0 0 LS60.dat
1 16 -264.601 -501.369 64 0 0.0505 0.9987 0 -0.9987 0.0505 -1 0 0 LS60.dat
1 16 -263.097 -501.293 64 0 0.0505 0.9987 0 -0.9987 0.0505 -1 0 0 LS60.dat
1 16 -261.568 -501.216 64 0 0.0506 0.9987 0 -0.9987 0.0506 -1 0 0 LS60.dat
1 16 -260.064 -501.139 64 0 0.0506 0.9987 0 -0.9987 0.0506 -1 0 0 LS60.dat
1 16 -258.535 -501.062 64 0 0.0507 0.9987 0 -0.9987 0.0507 -1 0 0 LS60.dat
1 16 -257.031 -500.985 64 0 0.0507 0.9987 0 -0.9987 0.0507 -1 0 0 LS60.dat
1 16 -255.504 -500.908 64 0 0.0507 0.9987 0 -0.9987 0.0507 -1 0 0 LS60.dat
1 16 -254.001 -500.831 64 0 0.0508 0.9987 0 -0.9987 0.0508 -1 0 0 LS60.dat
1 16 -252.475 -500.754 64 0 0.0508 0.9987 0 -0.9987 0.0508 -1 0 0 LS60.dat
1 16 -250.973 -500.677 64 0 0.0508 0.9987 0 -0.9987 0.0508 -1 0 0 LS60.dat
1 16 -249.449 -500.599 64 0 0.0509 0.9987 0 -0.9987 0.0509 -1 0 0 LS60.dat
1 16 -247.947 -500.523 64 0 0.0509 0.9987 0 -0.9987 0.0509 -1 0 0 LS60.dat
1 16 -246.426 -500.445 64 0 0.0509 0.9987 0 -0.9987 0.0509 -1 0 0 LS60.dat
1 16 -244.925 -500.369 64 0 0.051 0.9987 0 -0.9987 0.051 -1 0 0 LS60.dat
1 16 -243.405 -500.291 64 0 0.051 0.9987 0 -0.9987 0.051 -1 0 0 LS60.dat
1 16 -241.906 -500.215 64 0 0.051 0.9987 0 -0.9987 0.051 -1 0 0 LS60.dat
1 16 -240.388 -500.137 64 0 0.051 0.9987 0 -0.9987 0.051 -1 0 0 LS60.dat
1 16 -238.851 -500.058 64 0 0.0511 0.9987 0 -0.9987 0.0511 -1 0 0 LS60.dat
1 16 -237.335 -499.981 64 0 0.0511 0.9987 0 -0.9987 0.0511 -1 0 0 LS60.dat
1 16 -235.8 -499.902 64 0 0.0511 0.9987 0 -0.9987 0.0511 -1 0 0 LS60.dat
1 16 -234.286 -499.825 64 0 0.0511 0.9987 0 -0.9987 0.0511 -1 0 0 LS60.dat
1 16 -232.753 -499.746 64 0 0.0512 0.9987 0 -0.9987 0.0512 -1 0 0 LS60.dat
1 16 -231.24 -499.669 64 0 0.0512 0.9987 0 -0.9987 0.0512 -1 0 0 LS60.dat
1 16 -229.709 -499.59 64 0 0.0512 0.9987 0 -0.9987 0.0512 -1 0 0 LS60.dat
1 16 -228.197 -499.513 64 0 0.0512 0.9987 0 -0.9987 0.0512 -1 0 0 LS60.dat
1 16 -226.667 -499.434 64 0 0.0512 0.9987 0 -0.9987 0.0512 -1 0 0 LS60.dat
1 16 -225.155 -499.357 64 0 0.0512 0.9987 0 -0.9987 0.0512 -1 0 0 LS60.dat
1 16 -223.625 -499.278 64 0 0.0513 0.9987 0 -0.9987 0.0513 -1 0 0 LS60.dat
1 16 -222.113 -499.201 64 0 0.0513 0.9987 0 -0.9987 0.0513 -1 0 0 LS60.dat
1 16 -220.584 -499.122 64 0 0.0513 0.9987 0 -0.9987 0.0513 -1 0 0 LS60.dat
1 16 -219.071 -499.044 64 0 0.0513 0.9987 0 -0.9987 0.0513 -1 0 0 LS60.dat
1 16 -217.541 -498.966 64 0 0.0513 0.9987 0 -0.9987 0.0513 -1 0 0 LS60.dat
1 16 -216.026 -498.888 64 0 0.0513 0.9987 0 -0.9987 0.0513 -1 0 0 LS60.dat
1 16 -214.527 -498.811 64 0 0.0513 0.9987 0 -0.9987 0.0513 -1 0 0 LS60.dat
1 16 -213.01 -498.733 64 0 0.0513 0.9987 0 -0.9987 0.0513 -1 0 0 LS60.dat
1 16 -211.508 -498.656 64 0 0.0513 0.9987 0 -0.9987 0.0513 -1 0 0 LS60.dat
1 16 -209.988 -498.577 64 0 0.0514 0.9987 0 -0.9987 0.0514 -1 0 0 LS60.dat
1 16 -208.482 -498.5 64 0 0.0514 0.9987 0 -0.9987 0.0514 -1 0 0 LS60.dat
1 16 -206.958 -498.421 64 0 0.0514 0.9987 0 -0.9987 0.0514 -1 0 0 LS60.dat
1 16 -205.447 -498.344 64 0 0.0514 0.9987 0 -0.9987 0.0514 -1 0 0 LS60.dat
1 16 -203.949 -498.267 64 0 0.0514 0.9987 0 -0.9987 0.0514 -1 0 0 LS60.dat
1 16 -202.432 -498.188 64 0 0.0514 0.9987 0 -0.9987 0.0514 -1 0 0 LS60.dat
1 16 -200.928 -498.111 64 0 0.0514 0.9987 0 -0.9987 0.0514 -1 0 0 LS60.dat
1 16 -199.405 -498.033 64 0 0.0514 0.9987 0 -0.9987 0.0514 -1 0 0 LS60.dat
1 16 -197.893 -497.955 64 0 0.0514 0.9987 0 -0.9987 0.0514 -1 0 0 LS60.dat
1 16 -196.392 -497.877 64 0 0.0515 0.9987 0 -0.9987 0.0515 -1 0 0 LS60.dat
1 16 -194.872 -497.799 64 0 0.0515 0.9987 0 -0.9987 0.0515 -1 0 0 LS60.dat
1 16 -193.362 -497.721 64 0 0.0515 0.9987 0 -0.9987 0.0515 -1 0 0 LS60.dat
1 16 -191.862 -497.644 64 0 0.0515 0.9987 0 -0.9987 0.0515 -1 0 0 LS60.dat
1 16 -190.342 -497.565 64 0 0.0515 0.9987 0 -0.9987 0.0515 -1 0 0 LS60.dat
1 16 -188.831 -497.488 64 0 0.0515 0.9987 0 -0.9987 0.0515 -1 0 0 LS60.dat
1 16 -187.328 -497.41 64 0 0.0515 0.9987 0 -0.9987 0.0515 -1 0 0 LS60.dat
1 16 -185.805 -497.332 64 0 0.0515 0.9987 0 -0.9987 0.0515 -1 0 0 LS60.dat
1 16 -184.29 -497.253 64 0 0.0515 0.9987 0 -0.9987 0.0515 -1 0 0 LS60.dat
1 16 -182.782 -497.176 64 0 0.0515 0.9987 0 -0.9987 0.0515 -1 0 0 LS60.dat
1 16 -181.28 -497.098 64 0 0.0515 0.9987 0 -0.9987 0.0515 -1 0 0 LS60.dat
1 16 -179.758 -497.02 64 0 0.0515 0.9987 0 -0.9987 0.0515 -1 0 0 LS60.dat
1 16 -178.241 -496.941 64 0 0.0515 0.9987 0 -0.9987 0.0515 -1 0 0 LS60.dat
1 16 -176.73 -496.863 64 0 0.0515 0.9987 0 -0.9987 0.0515 -1 0 0 LS60.dat
1 16 -175.225 -496.786 64 0 0.0515 0.9987 0 -0.9987 0.0515 -1 0 0 LS60.dat
1 16 -173.724 -496.708 64 0 0.0515 0.9987 0 -0.9987 0.0515 -1 0 0 LS60.dat
1 16 -172.2 -496.63 64 0 0.0515 0.9987 0 -0.9987 0.0515 -1 0 0 LS60.dat
1 16 -170.68 -496.551 64 0 0.0515 0.9987 0 -0.9987 0.0515 -1 0 0 LS60.dat
1 16 -169.164 -496.473 64 0 0.0515 0.9987 0 -0.9987 0.0515 -1 0 0 LS60.dat
1 16 -167.65 -496.395 64 0 0.0515 0.9987 0 -0.9987 0.0515 -1 0 0 LS60.dat
1 16 -166.14 -496.317 64 0 0.0515 0.9987 0 -0.9987 0.0515 -1 0 0 LS60.dat
1 16 -164.632 -496.239 64 0 0.0515 0.9987 0 -0.9987 0.0515 -1 0 0 LS60.dat
1 16 -163.126 -496.161 64 0 0.0515 0.9987 0 -0.9987 0.0515 -1 0 0 LS60.dat
1 16 -161.621 -496.084 64 0 0.0516 0.9987 0 -0.9987 0.0516 -1 0 0 LS60.dat
1 16 -160.117 -496.006 64 0 0.0515 0.9987 0 -0.9987 0.0515 -1 0 0 LS60.dat
1 16 -158.614 -495.928 64 0 0.0515 0.9987 0 -0.9987 0.0515 -1 0 0 LS60.dat
1 16 -157.112 -495.851 64 0 0.0515 0.9987 0 -0.9987 0.0515 -1 0 0 LS60.dat
1 16 -155.608 -495.773 64 0 0.0515 0.9987 0 -0.9987 0.0515 -1 0 0 LS60.dat
1 16 -154.105 -495.696 64 0 0.0515 0.9987 0 -0.9987 0.0515 -1 0 0 LS60.dat
1 16 -152.6 -495.618 64 0 0.0516 0.9987 0 -0.9987 0.0516 -1 0 0 LS60.dat
1 16 -151.095 -495.54 64 0 0.0515 0.9987 0 -0.9987 0.0515 -1 0 0 LS60.dat
1 16 -149.587 -495.463 64 0 0.0515 0.9987 0 -0.9987 0.0515 -1 0 0 LS60.dat
1 16 -148.077 -495.385 64 0 0.0515 0.9987 0 -0.9987 0.0515 -1 0 0 LS60.dat
1 16 -146.564 -495.307 64 0 0.0515 0.9987 0 -0.9987 0.0515 -1 0 0 LS60.dat
1 16 -145.049 -495.228 64 0 0.0515 0.9987 0 -0.9987 0.0515 -1 0 0 LS60.dat
1 16 -143.529 -495.15 64 0 0.0515 0.9987 0 -0.9987 0.0515 -1 0 0 LS60.dat
1 16 -142.006 -495.071 64 0 0.0515 0.9987 0 -0.9987 0.0515 -1 0 0 LS60.dat
1 16 -140.506 -494.994 64 0 0.0515 0.9987 0 -0.9987 0.0515 -1 0 0 LS60.dat
1 16 -139.001 -494.916 64 0 0.0515 0.9987 0 -0.9987 0.0515 -1 0 0 LS60.dat
1 16 -137.491 -494.839 64 0 0.0515 0.9987 0 -0.9987 0.0515 -1 0 0 LS60.dat
1 16 -135.975 -494.76 64 0 0.0515 0.9987 0 -0.9987 0.0515 -1 0 0 LS60.dat
1 16 -134.454 -494.682 64 0 0.0515 0.9987 0 -0.9987 0.0515 -1 0 0 LS60.dat
1 16 -132.954 -494.604 64 0 0.0515 0.9987 0 -0.9987 0.0515 -1 0 0 LS60.dat
1 16 -131.447 -494.527 64 0 0.0515 0.9987 0 -0.9987 0.0515 -1 0 0 LS60.dat
1 16 -129.933 -494.449 64 0 0.0515 0.9987 0 -0.9987 0.0515 -1 0 0 LS60.dat
1 16 -128.411 -494.37 64 0 0.0515 0.9987 0 -0.9987 0.0515 -1 0 0 LS60.dat
1 16 -126.91 -494.293 64 0 0.0515 0.9987 0 -0.9987 0.0515 -1 0 0 LS60.dat
1 16 -125.401 -494.215 64 0 0.0515 0.9987 0 -0.9987 0.0515 -1 0 0 LS60.dat
1 16 -123.882 -494.137 64 0 0.0515 0.9987 0 -0.9987 0.0515 -1 0 0 LS60.dat
1 16 -122.383 -494.06 64 0 0.0515 0.9987 0 -0.9987 0.0515 -1 0 0 LS60.dat
1 16 -120.875 -493.982 64 0 0.0514 0.9987 0 -0.9987 0.0514 -1 0 0 LS60.dat
1 16 -119.357 -493.904 64 0 0.0515 0.9987 0 -0.9987 0.0515 -1 0 0 LS60.dat
1 16 -117.858 -493.827 64 0 0.0514 0.9987 0 -0.9987 0.0514 -1 0 0 LS60.dat
1 16 -116.348 -493.749 64 0 0.0514 0.9987 0 -0.9987 0.0514 -1 0 0 LS60.dat
1 16 -114.828 -493.671 64 0 0.0514 0.9987 0 -0.9987 0.0514 -1 0 0 LS60.dat
1 16 -113.325 -493.593 64 0 0.0514 0.9987 0 -0.9987 0.0514 -1 0 0 LS60.dat
1 16 -111.811 -493.515 64 0 0.0514 0.9987 0 -0.9987 0.0514 -1 0 0 LS60.dat
1 16 -110.284 -493.437 64 0 0.0514 0.9987 0 -0.9987 0.0514 -1 0 0 LS60.dat
1 16 -108.776 -493.359 64 0 0.0514 0.9987 0 -0.9987 0.0514 -1 0 0 LS60.dat
1 16 -107.254 -493.281 64 0 0.0514 0.9987 0 -0.9987 0.0514 -1 0 0 LS60.dat
1 16 -105.75 -493.203 64 0 0.0514 0.9987 0 -0.9987 0.0514 -1 0 0 LS60.dat
1 16 -104.232 -493.125 64 0 0.0513 0.9987 0 -0.9987 0.0513 -1 0 0 LS60.dat
1 16 -102.733 -493.048 64 0 0.0513 0.9987 0 -0.9987 0.0513 -1 0 0 LS60.dat
1 16 -101.218 -492.971 64 0 0.0513 0.9987 0 -0.9987 0.0513 -1 0 0 LS60.dat
1 16 -99.689 -492.892 64 0 0.0513 0.9987 0 -0.9987 0.0513 -1 0 0 LS60.dat
1 16 -98.177 -492.814 64 0 0.0513 0.9987 0 -0.9987 0.0513 -1 0 0 LS60.dat
1 16 -96.6492 -492.736 64 0 0.0513 0.9987 0 -0.9987 0.0513 -1 0 0 LS60.dat
1 16 -95.1388 -492.658 64 0 0.0513 0.9987 0 -0.9987 0.0513 -1 0 0 LS60.dat
1 16 -93.612 -492.58 64 0 0.0512 0.9987 0 -0.9987 0.0512 -1 0 0 LS60.dat
1 16 -92.1025 -492.503 64 0 0.0512 0.9987 0 -0.9987 0.0512 -1 0 0 LS60.dat
1 16 -90.576 -492.424 64 0 0.0512 0.9987 0 -0.9987 0.0512 -1 0 0 LS60.dat
1 16 -89.067 -492.347 64 0 0.0512 0.9987 0 -0.9987 0.0512 -1 0 0 LS60.dat
1 16 -87.5401 -492.269 64 0 0.0512 0.9987 0 -0.9987 0.0512 -1 0 0 LS60.dat
1 16 -86.0307 -492.191 64 0 0.0512 0.9987 0 -0.9987 0.0512 -1 0 0 LS60.dat
1 16 -84.5029 -492.113 64 0 0.0511 0.9987 0 -0.9987 0.0511 -1 0 0 LS60.dat
1 16 -82.993 -492.036 64 0 0.0511 0.9987 0 -0.9987 0.0511 -1 0 0 LS60.dat
1 16 -81.4638 -491.958 64 0 0.0511 0.9987 0 -0.9987 0.0511 -1 0 0 LS60.dat
1 16 -79.9526 -491.88 64 0 0.0511 0.9987 0 -0.9987 0.0511 -1 0 0 LS60.dat
1 16 -78.4217 -491.802 64 0 0.0511 0.9987 0 -0.9987 0.0511 -1 0 0 LS60.dat
1 16 -76.909 -491.725 64 0 0.051 0.9987 0 -0.9987 0.051 -1 0 0 LS60.dat
1 16 -75.3758 -491.647 64 0 0.051 0.9987 0 -0.9987 0.051 -1 0 0 LS60.dat
1 16 -73.8612 -491.569 64 0 0.051 0.9987 0 -0.9987 0.051 -1 0 0 LS60.dat
1 16 -72.3255 -491.491 64 0 0.051 0.9987 0 -0.9987 0.051 -1 0 0 LS60.dat
1 16 -70.8089 -491.414 64 0 0.0509 0.9987 0 -0.9987 0.0509 -1 0 0 LS60.dat
1 16 -69.2705 -491.335 64 0 0.0509 0.9987 0 -0.9987 0.0509 -1 0 0 LS60.dat
1 16 -67.7516 -491.258 64 0 0.0509 0.9987 0 -0.9987 0.0509 -1 0 0 LS60.dat
1 16 -66.2533 -491.182 64 0 0.0508 0.9987 0 -0.9987 0.0508 -1 0 0 LS60.dat
1 16 -64.7327 -491.104 64 0 0.0508 0.9987 0 -0.9987 0.0508 -1 0 0 LS60.dat
1 16 -63.2334 -491.028 64 0 0.0508 0.9987 0 -0.9987 0.0508 -1 0 0 LS60.dat
1 16 -61.7113 -490.951 64 0 0.0507 0.9987 0 -0.9987 0.0507 -1 0 0 LS60.dat
1 16 -60.2112 -490.875 64 0 0.0507 0.9987 0 -0.9987 0.0507 -1 0 0 LS60.dat
1 16 -58.6877 -490.797 64 0 0.0507 0.9987 0 -0.9987 0.0507 -1 0 0 LS60.dat
1 16 -57.1871 -490.721 64 0 0.0506 0.9987 0 -0.9987 0.0506 -1 0 0 LS60.dat
1 16 -55.6626 -490.644 64 0 0.0506 0.9987 0 -0.9987 0.0506 -1 0 0 LS60.dat
1 16 -54.1621 -490.568 64 0 0.0505 0.9987 0 -0.9987 0.0505 -1 0 0 LS60.dat
1 16 -52.6371 -490.491 64 0 0.0505 0.9987 0 -0.9987 0.0505 -1 0 0 LS60.dat
1 16 -51.1372 -490.415 64 0 0.0504 0.9987 0 -0.9987 0.0504 -1 0 0 LS60.dat
1 16 -49.6126 -490.338 64 0 0.0504 0.9987 0 -0.9987 0.0504 -1 0 0 LS60.dat
1 16 -48.1142 -490.263 64 0 0.0503 0.9987 0 -0.9987 0.0503 -1 0 0 LS60.dat
1 16 -46.5909 -490.186 64 0 0.0503 0.9987 0 -0.9987 0.0503 -1 0 0 LS60.dat
1 16 -45.0413 -490.108 64 0 0.0502 0.9987 0 -0.9987 0.0502 -1 0 0 LS60.dat
1 16 -43.5194 -490.032 64 0 0.0502 0.9987 0 -0.9987 0.0502 -1 0 0 LS60.dat
1 16 -41.9711 -489.954 64 0 0.0501 0.9987 0 -0.9987 0.0501 -1 0 0 LS60.dat
1 16 -40.4521 -489.878 64 0 0.05 0.9987 0 -0.9987 0.05 -1 0 0 LS60.dat
1 16 -38.9065 -489.801 64 0 0.05 0.9988 0 -0.9988 0.05 -1 0 0 LS60.dat
1 16 -37.3922 -489.725 64 0 0.0499 0.9988 0 -0.9988 0.0499 -1 0 0 LS60.dat
1 16 -35.8514 -489.649 64 0 0.0498 0.9988 0 -0.9988 0.0498 -1 0 0 LS60.dat
1 16 -34.3439 -489.574 64 0 0.0497 0.9988 0 -0.9988 0.0497 -1 0 0 LS60.dat
1 16 -32.8102 -489.498 64 0 0.0496 0.9988 0 -0.9988 0.0496 -1 0 0 LS60.dat
1 16 -31.2495 -489.42 64 0 0.0495 0.9988 0 -0.9988 0.0495 -1 0 0 LS60.dat
1 16 -29.7248 -489.345 64 0 0.0494 0.9988 0 -0.9988 0.0494 -1 0 0 LS60.dat
1 16 -28.1736 -489.268 64 0 0.0493 0.9988 0 -0.9988 0.0493 -1 0 0 LS60.dat
1 16 -26.6616 -489.194 64 0 0.0492 0.9988 0 -0.9988 0.0492 -1 0 0 LS60.dat
1 16 -25.1241 -489.119 64 0 0.049 0.9988 0 -0.9988 0.049 -1 0 0 LS60.dat
1 16 -23.5606 -489.042 64 0 0.0488 0.9988 0 -0.9988 0.0488 -1 0 0 LS60.dat
1 16 -22.0406 -488.968 64 0 0.0487 0.9988 0 -0.9988 0.0487 -1 0 0 LS60.dat
1 16 -20.4965 -488.893 64 0 0.0485 0.9988 0 -0.9988 0.0485 -1 0 0 LS60.dat
1 16 -18.9285 -488.818 64 0 0.0483 0.9988 0 -0.9988 0.0483 -1 0 0 LS60.dat
1 16 -17.4099 -488.745 64 0 0.048 0.9988 0 -0.9988 0.048 -1 0 0 LS60.dat
1 16 -15.8709 -488.671 64 0 0.0478 0.9989 0 -0.9989 0.0478 -1 0 0 LS60.dat
1 16 -14.3126 -488.597 64 0 0.0475 0.9989 0 -0.9989 0.0475 -1 0 0 LS60.dat
1 16 -12.8125 -488.527 64 0 0.0471 0.9989 0 -0.9989 0.0471 -1 0 0 LS60.dat
1 16 -11.2994 -488.456 64 0 0.0467 0.9989 0 -0.9989 0.0467 -1 0 0 LS60.dat
1 16 -9.7769 -488.386 64 0 0.0462 0.9989 0 -0.9989 0.0462 -1 0 0 LS60.dat
1 16 -8.2503 -488.317 64 0 0.0456 0.999 0 -0.999 0.0456 -1 0 0 LS60.dat
1 16 -6.7267 -488.249 64 0 0.0448 0.999 0 -0.999 0.0448 -1 0 0 LS60.dat
1 16 -5.2166 -488.183 64 0 0.0438 0.999 0 -0.999 0.0438 -1 0 0 LS60.dat
1 16 -3.6615 -488.118 64 0 0.0423 0.9991 0 -0.9991 0.0423 -1 0 0 LS60.dat
1 16 -2.1622 -488.059 64 0 0.04 0.9992 0 -0.9992 0.04 -1 0 0 LS60.dat
1 16 -0.6283 -488.007 64 0 0.0353 0.9994 0 -0.9994 0.0353 -1 0 0 LS60.dat
1 16 0.8741 -488.073 64 0 -0.0244 0.9997 0 -0.9997 -0.0244 -1 0 0 LS60.dat
1 16 2.3917 -488.135 64 0 -0.0368 0.9993 0 -0.9993 -0.0368 -1 0 0 LS60.dat
1 16 3.93 -488.199 64 0 -0.0406 0.9992 0 -0.9992 -0.0406 -1 0 0 LS60.dat
1 16 5.4498 -488.265 64 0 -0.0426 0.9991 0 -0.9991 -0.0426 -1 0 0 LS60.dat
1 16 6.986 -488.333 64 0 -0.0439 0.999 0 -0.999 -0.0439 -1 0 0 LS60.dat
1 16 8.4949 -488.401 64 0 -0.0448 0.999 0 -0.999 -0.0448 -1 0 0 LS60.dat
1 16 10.028 -488.472 64 0 -0.0456 0.999 0 -0.999 -0.0456 -1 0 0 LS60.dat
1 16 11.5716 -488.543 64 0 -0.0461 0.9989 0 -0.9989 -0.0461 -1 0 0 LS60.dat
1 16 13.116 -488.616 64 0 -0.0466 0.9989 0 -0.9989 -0.0466 -1 0 0 LS60.dat
1 16 14.6544 -488.688 64 0 -0.047 0.9989 0 -0.9989 -0.047 -1 0 0 LS60.dat
1 16 16.1818 -488.761 64 0 -0.0473 0.9989 0 -0.9989 -0.0473 -1 0 0 LS60.dat
1 16 17.695 -488.833 64 0 -0.0476 0.9989 0 -0.9989 -0.0476 -1 0 0 LS60.dat
1 16 19.2659 -488.908 64 0 -0.0479 0.9989 0 -0.9989 -0.0479 -1 0 0 LS60.dat
1 16 20.8167 -488.983 64 0 -0.0481 0.9988 0 -0.9988 -0.0481 -1 0 0 LS60.dat
1 16 22.3461 -489.057 64 0 -0.0483 0.9988 0 -0.9988 -0.0483 -1 0 0 LS60.dat
1 16 23.8534 -489.13 64 0 -0.0485 0.9988 0 -0.9988 -0.0485 -1 0 0 LS60.dat
1 16 25.4085 -489.206 64 0 -0.0487 0.9988 0 -0.9988 -0.0487 -1 0 0 LS60.dat
1 16 26.939 -489.281 64 0 -0.0488 0.9988 0 -0.9988 -0.0488 -1 0 0 LS60.dat
1 16 28.4449 -489.355 64 0 -0.0489 0.9988 0 -0.9988 -0.0489 -1 0 0 LS60.dat
1 16 29.9934 -489.431 64 0 -0.0491 0.9988 0 -0.9988 -0.0491 -1 0 0 LS60.dat
1 16 31.516 -489.506 64 0 -0.0492 0.9988 0 -0.9988 -0.0492 -1 0 0 LS60.dat
1 16 33.0777 -489.583 64 0 -0.0493 0.9988 0 -0.9988 -0.0493 -1 0 0 LS60.dat
1 16 34.6124 -489.659 64 0 -0.0494 0.9988 0 -0.9988 -0.0494 -1 0 0 LS60.dat
1 16 36.121 -489.734 64 0 -0.0495 0.9988 0 -0.9988 -0.0495 -1 0 0 LS60.dat
1 16 37.6654 -489.811 64 0 -0.0496 0.9988 0 -0.9988 -0.0496 -1 0 0 LS60.dat
1 16 39.1831 -489.886 64 0 -0.0497 0.9988 0 -0.9988 -0.0497 -1 0 0 LS60.dat
1 16 40.7343 -489.963 64 0 -0.0497 0.9988 0 -0.9988 -0.0497 -1 0 0 LS60.dat
1 16 42.2586 -490.039 64 0 -0.0498 0.9988 0 -0.9988 -0.0498 -1 0 0 LS60.dat
1 16 43.757 -490.114 64 0 -0.0499 0.9988 0 -0.9988 -0.0499 -1 0 0 LS60.dat
1 16 45.2867 -490.191 64 0 -0.0499 0.9988 0 -0.9988 -0.0499 -1 0 0 LS60.dat
1 16 46.7904 -490.266 64 0 -0.05 0.9987 0 -0.9987 -0.05 -1 0 0 LS60.dat
1 16 48.3236 -490.343 64 0 -0.05 0.9987 0 -0.9987 -0.05 -1 0 0 LS60.dat
1 16 49.8309 -490.418 64 0 -0.0501 0.9987 0 -0.9987 -0.0501 -1 0 0 LS60.dat
1 16 51.3661 -490.496 64 0 -0.0502 0.9987 0 -0.9987 -0.0502 -1 0 0 LS60.dat
1 16 52.8757 -490.572 64 0 -0.0502 0.9987 0 -0.9987 -0.0502 -1 0 0 LS60.dat
1 16 54.4117 -490.649 64 0 -0.0503 0.9987 0 -0.9987 -0.0503 -1 0 0 LS60.dat
1 16 55.9225 -490.725 64 0 -0.0503 0.9987 0 -0.9987 -0.0503 -1 0 0 LS60.dat
1 16 57.4584 -490.802 64 0 -0.0503 0.9987 0 -0.9987 -0.0503 -1 0 0 LS60.dat
1 16 58.9695 -490.879 64 0 -0.0504 0.9987 0 -0.9987 -0.0504 -1 0 0 LS60.dat
1 16 60.5046 -490.956 64 0 -0.0504 0.9987 0 -0.9987 -0.0504 -1 0 0 LS60.dat
1 16 62.0154 -491.032 64 0 -0.0504 0.9987 0 -0.9987 -0.0504 -1 0 0 LS60.dat
1 16 63.5491 -491.11 64 0 -0.0505 0.9987 0 -0.9987 -0.0505 -1 0 0 LS60.dat
1 16 65.0591 -491.186 64 0 -0.0505 0.9987 0 -0.9987 -0.0505 -1 0 0 LS60.dat
1 16 66.5911 -491.264 64 0 -0.0506 0.9987 0 -0.9987 -0.0506 -1 0 0 LS60.dat
1 16 68.1 -491.34 64 0 -0.0506 0.9987 0 -0.9987 -0.0506 -1 0 0 LS60.dat
1 16 69.6301 -491.418 64 0 -0.0506 0.9987 0 -0.9987 -0.0506 -1 0 0 LS60.dat
1 16 71.1377 -491.494 64 0 -0.0507 0.9987 0 -0.9987 -0.0507 -1 0 0 LS60.dat
1 16 72.6658 -491.572 64 0 -0.0507 0.9987 0 -0.9987 -0.0507 -1 0 0 LS60.dat
1 16 74.1721 -491.649 64 0 -0.0507 0.9987 0 -0.9987 -0.0507 -1 0 0 LS60.dat
1 16 75.6982 -491.726 64 0 -0.0507 0.9987 0 -0.9987 -0.0507 -1 0 0 LS60.dat
1 16 77.2031 -491.803 64 0 -0.0508 0.9987 0 -0.9987 -0.0508 -1 0 0 LS60.dat
1 16 78.7274 -491.88 64 0 -0.0508 0.9987 0 -0.9987 -0.0508 -1 0 0 LS60.dat
1 16 80.2311 -491.957 64 0 -0.0508 0.9987 0 -0.9987 -0.0508 -1 0 0 LS60.dat
1 16 81.7538 -492.034 64 0 -0.0508 0.9987 0 -0.9987 -0.0508 -1 0 0 LS60.dat
1 16 83.2565 -492.111 64 0 -0.0508 0.9987 0 -0.9987 -0.0508 -1 0 0 LS60.dat
1 16 84.7779 -492.188 64 0 -0.0509 0.9987 0 -0.9987 -0.0509 -1 0 0 LS60.dat
1 16 86.2798 -492.265 64 0 -0.0509 0.9987 0 -0.9987 -0.0509 -1 0 0 LS60.dat
1 16 87.8001 -492.342 64 0 -0.0509 0.9987 0 -0.9987 -0.0509 -1 0 0 LS60.dat
1 16 89.3017 -492.418 64 0 -0.0509 0.9987 0 -0.9987 -0.0509 -1 0 0 LS60.dat
1 16 90.8213 -492.496 64 0 -0.0509 0.9987 0 -0.9987 -0.0509 -1 0 0 LS60.dat
1 16 92.323 -492.573 64 0 -0.0509 0.9987 0 -0.9987 -0.0509 -1 0 0 LS60.dat
1 16 93.8425 -492.65 64 0 -0.051 0.9987 0 -0.9987 -0.051 -1 0 0 LS60.dat
1 16 95.3446 -492.727 64 0 -0.051 0.9987 0 -0.9987 -0.051 -1 0 0 LS60.dat
1 16 96.8644 -492.805 64 0 -0.051 0.9987 0 -0.9987 -0.051 -1 0 0 LS60.dat
1 16 98.3677 -492.881 64 0 -0.051 0.9987 0 -0.9987 -0.051 -1 0 0 LS60.dat
1 16 99.8885 -492.959 64 0 -0.051 0.9987 0 -0.9987 -0.051 -1 0 0 LS60.dat
1 16 101.393 -493.036 64 0 -0.0511 0.9987 0 -0.9987 -0.0511 -1 0 0 LS60.dat
1 16 102.916 -493.114 64 0 -0.051 0.9987 0 -0.9987 -0.051 -1 0 0 LS60.dat
1 16 104.423 -493.191 64 0 -0.0511 0.9987 0 -0.9987 -0.0511 -1 0 0 LS60.dat
1 16 105.947 -493.269 64 0 -0.0511 0.9987 0 -0.9987 -0.0511 -1 0 0 LS60.dat
1 16 107.457 -493.346 64 0 -0.0511 0.9987 0 -0.9987 -0.0511 -1 0 0 LS60.dat
1 16 108.985 -493.424 64 0 -0.0511 0.9987 0 -0.9987 -0.0511 -1 0 0 LS60.dat
1 16 110.498 -493.502 64 0 -0.0511 0.9987 0 -0.9987 -0.0511 -1 0 0 LS60.dat
1 16 111.999 -493.579 64 0 -0.0511 0.9987 0 -0.9987 -0.0511 -1 0 0 LS60.dat
1 16 113.517 -493.656 64 0 -0.0511 0.9987 0 -0.9987 -0.0511 -1 0 0 LS60.dat
1 16 115.022 -493.733 64 0 -0.0511 0.9987 0 -0.9987 -0.0511 -1 0 0 LS60.dat
1 16 116.546 -493.812 64 0 -0.0512 0.9987 0 -0.9987 -0.0512 -1 0 0 LS60.dat
1 16 118.057 -493.889 64 0 -0.0512 0.9987 0 -0.9987 -0.0512 -1 0 0 LS60.dat
1 16 119.557 -493.966 64 0 -0.0512 0.9987 0 -0.9987 -0.0512 -1 0 0 LS60.dat
1 16 121.076 -494.044 64 0 -0.0512 0.9987 0 -0.9987 -0.0512 -1 0 0 LS60.dat
1 16 122.584 -494.121 64 0 -0.0512 0.9987 0 -0.9987 -0.0512 -1 0 0 LS60.dat
1 16 124.111 -494.199 64 0 -0.0512 0.9987 0 -0.9987 -0.0512 -1 0 0 LS60.dat
1 16 125.627 -494.277 64 0 -0.0512 0.9987 0 -0.9987 -0.0512 -1 0 0 LS60.dat
1 16 127.134 -494.354 64 0 -0.0512 0.9987 0 -0.9987 -0.0512 -1 0 0 LS60.dat
1 16 128.661 -494.433 64 0 -0.0512 0.9987 0 -0.9987 -0.0512 -1 0 0 LS60.dat
1 16 130.178 -494.51 64 0 -0.0512 0.9987 0 -0.9987 -0.0512 -1 0 0 LS60.dat
1 16 131.687 -494.588 64 0 -0.0512 0.9987 0 -0.9987 -0.0512 -1 0 0 LS60.dat
1 16 133.188 -494.665 64 0 -0.0512 0.9987 0 -0.9987 -0.0512 -1 0 0 LS60.dat
1 16 134.709 -494.743 64 0 -0.0512 0.9987 0 -0.9987 -0.0512 -1 0 0 LS60.dat
1 16 136.224 -494.82 64 0 -0.0512 0.9987 0 -0.9987 -0.0512 -1 0 0 LS60.dat
1 16 137.731 -494.898 64 0 -0.0513 0.9987 0 -0.9987 -0.0513 -1 0 0 LS60.dat
1 16 139.232 -494.975 64 0 -0.0513 0.9987 0 -0.9987 -0.0513 -1 0 0 LS60.dat
1 16 140.754 -495.053 64 0 -0.0512 0.9987 0 -0.9987 -0.0512 -1 0 0 LS60.dat
1 16 142.27 -495.131 64 0 -0.0513 0.9987 0 -0.9987 -0.0513 -1 0 0 LS60.dat
1 16 143.782 -495.208 64 0 -0.0513 0.9987 0 -0.9987 -0.0513 -1 0 0 LS60.dat
1 16 145.288 -495.286 64 0 -0.0513 0.9987 0 -0.9987 -0.0513 -1 0 0 LS60.dat
1 16 146.79 -495.363 64 0 -0.0513 0.9987 0 -0.9987 -0.0513 -1 0 0 LS60.dat
1 16 148.315 -495.441 64 0 -0.0513 0.9987 0 -0.9987 -0.0513 -1 0 0 LS60.dat
1 16 149.837 -495.519 64 0 -0.0513 0.9987 0 -0.9987 -0.0513 -1 0 0 LS60.dat
1 16 151.355 -495.597 64 0 -0.0513 0.9987 0 -0.9987 -0.0513 -1 0 0 LS60.dat
1 16 152.871 -495.675 64 0 -0.0513 0.9987 0 -0.9987 -0.0513 -1 0 0 LS60.dat
1 16 154.384 -495.753 64 0 -0.0513 0.9987 0 -0.9987 -0.0513 -1 0 0 LS60.dat
1 16 155.895 -495.83 64 0 -0.0513 0.9987 0 -0.9987 -0.0513 -1 0 0 LS60.dat
1 16 157.404 -495.908 64 0 -0.0513 0.9987 0 -0.9987 -0.0513 -1 0 0 LS60.dat
1 16 158.912 -495.985 64 0 -0.0513 0.9987 0 -0.9987 -0.0513 -1 0 0 LS60.dat
1 16 160.42 -496.063 64 0 -0.0513 0.9987 0 -0.9987 -0.0513 -1 0 0 LS60.dat
1 16 161.927 -496.14 64 0 -0.0513 0.9987 0 -0.9987 -0.0513 -1 0 0 LS60.dat
1 16 163.434 -496.217 64 0 -0.0513 0.9987 0 -0.9987 -0.0513 -1 0 0 LS60.dat
1 16 164.941 -496.295 64 0 -0.0513 0.9987 0 -0.9987 -0.0513 -1 0 0 LS60.dat
1 16 166.45 -496.372 64 0 -0.0513 0.9987 0 -0.9987 -0.0513 -1 0 0 LS60.dat
1 16 167.96 -496.45 64 0 -0.0513 0.9987 0 -0.9987 -0.0513 -1 0 0 LS60.dat
1 16 169.471 -496.527 64 0 -0.0513 0.9987 0 -0.9987 -0.0513 -1 0 0 LS60.dat
1 16 170.985 -496.605 64 0 -0.0513 0.9987 0 -0.9987 -0.0513 -1 0 0 LS60.dat
1 16 172.501 -496.683 64 0 -0.0513 0.9987 0 -0.9987 -0.0513 -1 0 0 LS60.dat
1 16 174.02 -496.761 64 0 -0.0513 0.9987 0 -0.9987 -0.0513 -1 0 0 LS60.dat
1 16 175.543 -496.839 64 0 -0.0513 0.9987 0 -0.9987 -0.0513 -1 0 0 LS60.dat
1 16 177.042 -496.916 64 0 -0.0513 0.9987 0 -0.9987 -0.0513 -1 0 0 LS60.dat
1 16 178.545 -496.993 64 0 -0.0513 0.9987 0 -0.9987 -0.0513 -1 0 0 LS60.dat
1 16 180.053 -497.071 64 0 -0.0513 0.9987 0 -0.9987 -0.0513 -1 0 0 LS60.dat
1 16 181.566 -497.148 64 0 -0.0513 0.9987 0 -0.9987 -0.0513 -1 0 0 LS60.dat
1 16 183.084 -497.226 64 0 -0.0513 0.9987 0 -0.9987 -0.0513 -1 0 0 LS60.dat
1 16 184.608 -497.304 64 0 -0.0512 0.9987 0 -0.9987 -0.0512 -1 0 0 LS60.dat
1 16 186.111 -497.381 64 0 -0.0512 0.9987 0 -0.9987 -0.0512 -1 0 0 LS60.dat
1 16 187.62 -497.459 64 0 -0.0512 0.9987 0 -0.9987 -0.0512 -1 0 0 LS60.dat
1 16 189.136 -497.537 64 0 -0.0512 0.9987 0 -0.9987 -0.0512 -1 0 0 LS60.dat
1 16 190.66 -497.615 64 0 -0.0512 0.9987 0 -0.9987 -0.0512 -1 0 0 LS60.dat
1 16 192.163 -497.692 64 0 -0.0512 0.9987 0 -0.9987 -0.0512 -1 0 0 LS60.dat
1 16 193.674 -497.769 64 0 -0.0512 0.9987 0 -0.9987 -0.0512 -1 0 0 LS60.dat
1 16 195.194 -497.847 64 0 -0.0512 0.9987 0 -0.9987 -0.0512 -1 0 0 LS60.dat
1 16 196.695 -497.924 64 0 -0.0512 0.9987 0 -0.9987 -0.0512 -1 0 0 LS60.dat
1 16 198.204 -498.002 64 0 -0.0512 0.9987 0 -0.9987 -0.0512 -1 0 0 LS60.dat
1 16 199.724 -498.08 64 0 -0.0512 0.9987 0 -0.9987 -0.0512 -1 0 0 LS60.dat
1 16 201.224 -498.156 64 0 -0.0512 0.9987 0 -0.9987 -0.0512 -1 0 0 LS60.dat
1 16 202.734 -498.234 64 0 -0.0512 0.9987 0 -0.9987 -0.0512 -1 0 0 LS60.dat
1 16 204.256 -498.312 64 0 -0.0512 0.9987 0 -0.9987 -0.0512 -1 0 0 LS60.dat
1 16 205.759 -498.389 64 0 -0.0512 0.9987 0 -0.9987 -0.0512 -1 0 0 LS60.dat
1 16 207.274 -498.466 64 0 -0.0511 0.9987 0 -0.9987 -0.0511 -1 0 0 LS60.dat
1 16 208.801 -498.544 64 0 -0.0511 0.9987 0 -0.9987 -0.0511 -1 0 0 LS60.dat
1 16 210.31 -498.622 64 0 -0.0511 0.9987 0 -0.9987 -0.0511 -1 0 0 LS60.dat
1 16 211.832 -498.7 64 0 -0.0511 0.9987 0 -0.9987 -0.0511 -1 0 0 LS60.dat
1 16 213.336 -498.777 64 0 -0.0511 0.9987 0 -0.9987 -0.0511 -1 0 0 LS60.dat
1 16 214.853 -498.854 64 0 -0.0511 0.9987 0 -0.9987 -0.0511 -1 0 0 LS60.dat
1 16 216.353 -498.931 64 0 -0.0511 0.9987 0 -0.9987 -0.0511 -1 0 0 LS60.dat
1 16 217.867 -499.008 64 0 -0.0511 0.9987 0 -0.9987 -0.0511 -1 0 0 LS60.dat
1 16 219.395 -499.086 64 0 -0.051 0.9987 0 -0.9987 -0.051 -1 0 0 LS60.dat
1 16 220.907 -499.164 64 0 -0.051 0.9987 0 -0.9987 -0.051 -1 0 0 LS60.dat
1 16 222.433 -499.241 64 0 -0.051 0.9987 0 -0.9987 -0.051 -1 0 0 LS60.dat
1 16 223.943 -499.319 64 0 -0.051 0.9987 0 -0.9987 -0.051 -1 0 0 LS60.dat
1 16 225.468 -499.397 64 0 -0.051 0.9987 0 -0.9987 -0.051 -1 0 0 LS60.dat
1 16 226.976 -499.473 64 0 -0.051 0.9987 0 -0.9987 -0.051 -1 0 0 LS60.dat
1 16 228.501 -499.551 64 0 -0.051 0.9987 0 -0.9987 -0.051 -1 0 0 LS60.dat
1 16 230.008 -499.628 64 0 -0.0509 0.9987 0 -0.9987 -0.0509 -1 0 0 LS60.dat
1 16 231.533 -499.706 64 0 -0.0509 0.9987 0 -0.9987 -0.0509 -1 0 0 LS60.dat
1 16 233.04 -499.783 64 0 -0.0509 0.9987 0 -0.9987 -0.0509 -1 0 0 LS60.dat
1 16 234.565 -499.86 64 0 -0.0509 0.9987 0 -0.9987 -0.0509 -1 0 0 LS60.dat
1 16 236.073 -499.937 64 0 -0.0509 0.9987 0 -0.9987 -0.0509 -1 0 0 LS60.dat
1 16 237.599 -500.015 64 0 -0.0508 0.9987 0 -0.9987 -0.0508 -1 0 0 LS60.dat
1 16 239.107 -500.092 64 0 -0.0508 0.9987 0 -0.9987 -0.0508 -1 0 0 LS60.dat
1 16 240.635 -500.169 64 0 -0.0508 0.9987 0 -0.9987 -0.0508 -1 0 0 LS60.dat
1 16 242.144 -500.246 64 0 -0.0508 0.9987 0 -0.9987 -0.0508 -1 0 0 LS60.dat
1 16 243.674 -500.324 64 0 -0.0507 0.9987 0 -0.9987 -0.0507 -1 0 0 LS60.dat
1 16 245.184 -500.401 64 0 -0.0507 0.9987 0 -0.9987 -0.0507 -1 0 0 LS60.dat
1 16 246.716 -500.478 64 0 -0.0507 0.9987 0 -0.9987 -0.0507 -1 0 0 LS60.dat
1 16 248.228 -500.555 64 0 -0.0507 0.9987 0 -0.9987 -0.0507 -1 0 0 LS60.dat
1 16 249.762 -500.633 64 0 -0.0507 0.9987 0 -0.9987 -0.0507 -1 0 0 LS60.dat
1 16 251.276 -500.709 64 0 -0.0506 0.9987 0 -0.9987 -0.0506 -1 0 0 LS60.dat
1 16 252.813 -500.787 64 0 -0.0506 0.9987 0 -0.9987 -0.0506 -1 0 0 LS60.dat
1 16 254.329 -500.864 64 0 -0.0506 0.9987 0 -0.9987 -0.0506 -1 0 0 LS60.dat
1 16 255.868 -500.942 64 0 -0.0505 0.9987 0 -0.9987 -0.0505 -1 0 0 LS60.dat
1 16 257.385 -501.019 64 0 -0.0505 0.9987 0 -0.9987 -0.0505 -1 0 0 LS60.dat
1 16 258.926 -501.096 64 0 -0.0505 0.9987 0 -0.9987 -0.0505 -1 0 0 LS60.dat
1 16 260.446 -501.173 64 0 -0.0504 0.9987 0 -0.9987 -0.0504 -1 0 0 LS60.dat
1 16 261.989 -501.251 64 0 -0.0504 0.9987 0 -0.9987 -0.0504 -1 0 0 LS60.dat
1 16 263.51 -501.328 64 0 -0.0504 0.9987 0 -0.9987 -0.0504 -1 0 0 LS60.dat
1 16 265.055 -501.405 64 0 -0.0503 0.9987 0 -0.9987 -0.0503 -1 0 0 LS60.dat
1 16 266.576 -501.482 64 0 -0.0503 0.9987 0 -0.9987 -0.0503 -1 0 0 LS60.dat
1 16 268.123 -501.56 64 0 -0.0502 0.9987 0 -0.9987 -0.0502 -1 0 0 LS60.dat
1 16 269.644 -501.636 64 0 -0.0502 0.9987 0 -0.9987 -0.0502 -1 0 0 LS60.dat
1 16 271.192 -501.714 64 0 -0.0501 0.9987 0 -0.9987 -0.0501 -1 0 0 LS60.dat
1 16 272.713 -501.79 64 0 -0.0501 0.9987 0 -0.9987 -0.0501 -1 0 0 LS60.dat
1 16 274.259 -501.867 64 0 -0.05 0.9987 0 -0.9987 -0.05 -1 0 0 LS60.dat
1 16 275.779 -501.943 64 0 -0.0499 0.9988 0 -0.9988 -0.0499 -1 0 0 LS60.dat
1 16 277.324 -502.02 64 0 -0.0499 0.9988 0 -0.9988 -0.0499 -1 0 0 LS60.dat
1 16 278.84 -502.096 64 0 -0.0498 0.9988 0 -0.9988 -0.0498 -1 0 0 LS60.dat
1 16 280.382 -502.173 64 0 -0.0497 0.9988 0 -0.9988 -0.0497 -1 0 0 LS60.dat
1 16 281.894 -502.248 64 0 -0.0497 0.9988 0 -0.9988 -0.0497 -1 0 0 LS60.dat
1 16 283.431 -502.324 64 0 -0.0496 0.9988 0 -0.9988 -0.0496 -1 0 0 LS60.dat
1 16 284.935 -502.399 64 0 -0.0495 0.9988 0 -0.9988 -0.0495 -1 0 0 LS60.dat
1 16 286.465 -502.474 64 0 -0.0494 0.9988 0 -0.9988 -0.0494 -1 0 0 LS60.dat
1 16 288.022 -502.551 64 0 -0.0493 0.9988 0 -0.9988 -0.0493 -1 0 0 LS60.dat
1 16 289.543 -502.626 64 0 -0.0492 0.9988 0 -0.9988 -0.0492 -1 0 0 LS60.dat
1 16 291.091 -502.702 64 0 -0.0491 0.9988 0 -0.9988 -0.0491 -1 0 0 LS60.dat
1 16 292.599 -502.776 64 0 -0.049 0.9988 0 -0.9988 -0.049 -1 0 0 LS60.dat
1 16 294.133 -502.851 64 0 -0.0488 0.9988 0 -0.9988 -0.0488 -1 0 0 LS60.dat
1 16 295.693 -502.927 64 0 -0.0487 0.9988 0 -0.9988 -0.0487 -1 0 0 LS60.dat
1 16 297.21 -503 64 0 -0.0485 0.9988 0 -0.9988 -0.0485 -1 0 0 LS60.dat
1 16 298.75 -503.075 64 0 -0.0483 0.9988 0 -0.9988 -0.0483 -1 0 0 LS60.dat
1 16 300.316 -503.15 64 0 -0.0481 0.9988 0 -0.9988 -0.0481 -1 0 0 LS60.dat
1 16 301.832 -503.223 64 0 -0.0479 0.9989 0 -0.9989 -0.0479 -1 0 0 LS60.dat
1 16 303.37 -503.296 64 0 -0.0477 0.9989 0 -0.9989 -0.0477 -1 0 0 LS60.dat
1 16 304.927 -503.37 64 0 -0.0474 0.9989 0 -0.9989 -0.0474 -1 0 0 LS60.dat
1 16 306.428 -503.44 64 0 -0.0471 0.9989 0 -0.9989 -0.0471 -1 0 0 LS60.dat
1 16 307.943 -503.511 64 0 -0.0467 0.9989 0 -0.9989 -0.0467 -1 0 0 LS60.dat
1 16 309.469 -503.581 64 0 -0.0462 0.9989 0 -0.9989 -0.0462 -1 0 0 LS60.dat
1 16 311.003 -503.651 64 0 -0.0457 0.999 0 -0.999 -0.0457 -1 0 0 LS60.dat
1 16 312.536 -503.72 64 0 -0.045 0.999 0 -0.999 -0.045 -1 0 0 LS60.dat
1 16 314.063 -503.787 64 0 -0.0441 0.999 0 -0.999 -0.0441 -1 0 0 LS60.dat
1 16 315.568 -503.851 64 0 -0.0429 0.9991 0 -0.9991 -0.0429 -1 0 0 LS60.dat
1 16 317.106 -503.913 64 0 -0.0411 0.9992 0 -0.9992 -0.0411 -1 0 0 LS60.dat
1 16 318.638 -503.97 64 0 -0.0379 0.9993 0 -0.9993 -0.0379 -1 0 0 LS60.dat
1 16 320.153 -504.01 64 0 -0.0294 0.9996 0 -0.9996 -0.0294 -1 0 0 LS60.dat
0 SYNTH SYNTHESIZED END
0 SYNTH END
1 16 0 0 0 1 0 0 0 1 0 0 0 1 axis_32s.dat
1 16 320 0 0 0 0 1 0 1 0 -1 0 0 infrastructure_utilitypole_a.ldr
1 16 -320 0 0 0 0 1 0 1 0 -1 0 0 infrastructure_utilitypole_a.ldr
0
