0 Datsville Mayor
0 Name: pedestrian_011_manmayortophat.ldr
0 Author: Leonardo Zide
0 Was: tmmayor.dat
0 !LICENSE Redistributable under CC BY-NC-SA version 4.0 : see https://creativecommons.org/licenses/by-nc-sa/4.0/
0 Unofficial Model
0 legs & hip
0 ROTATION CENTER 0 0 0 1 "Custom" 
0 ROTATION CONFIG 0 0
1 0 0 -28 1 1 0 0 0 1 0 0 0 1 3817.dat
1 0 0 -28 1 1 0 0 0 1 0 0 0 1 3816.dat
1 0 0 -40 1 1 0 0 0 1 0 0 0 1 3815.dat
0 torso
1 0 0 -72 1 1 0 0 0 1 0 0 0 1 973p18.dat
0 head
1 14 0 -96 1 1 0 0 0 1 0 0 0 1 3626bp03.dat
0 hat
0 1 0 0 -96 0 1 0 0 0 1 0 0 0 1 3624.dat
0 1 0 0 -100 0 0.7 0 0 0 1 0 0 0 0.7 4740.dat
1 0 0 -97 1 1 0 0 0 1 0 0 0 1 3878.dat
0 Arms and Hands
1 0 15.552 -63 1 0.9855 0.1699 0 -0.1699 0.9855 0 0 0 1 3819.dat
1 15 23.6904 -45.2243 -8.9 0.9855 0.1201 -0.1201 -0.1699 0.6968 -0.6968 0 0.7071 0.7071 3820.dat
1 0 -15.552 -63 1 0.9855 -0.1699 0 0.1699 0.9855 0 0 0 1 3818.dat
1 15 -23.6904 -45.2243 -8.9 0.9855 -0.1201 0.1201 0.1699 0.6968 -0.6968 0 0.7071 0.7071 3820.dat
0
