0 Limousine Driver
0 Name: creature_051_limousinedriver
0 Author: Unknown
0 Unofficial Model
0 ROTATION CENTER 0 0 0 1 "Custom" 
0 ROTATION CONFIG 0 0
0 legs & hip
1 0 0 -9 -2 1 0 0 0 0 1 0 -1 0 3817.dat
1 0 0 -9 -2 1 0 0 0 0 1 0 -1 0 3816.dat
1 0 0 -21 -2 1 0 0 0 1 0 0 0 1 3815.dat
0 torso
1 0 0 -53 -2 1 0 0 0 1 0 0 0 1 973p18.dat
0 head
1 14 0 -77 -2 0.819 0 0.574 0 1 0 -0.574 0 0.819 3626bp01.dat
0 hat
1 0 0 -77 -2 0.819 0 0.574 0 1 0 -0.574 0 0.819 3624.dat
0 airtank
0 1 2 0 -55 -60 1 0 0 0 1 0 0 0 1 3838.dat
0 arms
1 0 0 -45 -2 1 0 0 0 0.866 0.5 0 -0.5 0.866 975.dat
1 0 0 -45 -2 1 0 0 0 0.866 0.5 0 -0.5 0.866 976.dat
0 hands
1 14 -23 -35.429 -25.423 0 0 1 -0.26 0.97 0 0.97 0.26 0 977.dat
1 14 23 -35.429 -25.423 0 0 1 -0.26 0.97 0 0.97 0.26 0 977.dat
0
