0 Police Officer 1
0 Name: creature_008_manpoliceleatherjacket.ldr
0 Author: Unknown
0 Unofficial Model
0 ROTATION CENTER 0 0 0 1 "Custom" 
0 ROTATION CONFIG 0 0
0 // Legs
1 0 0 -28 1 1 0 0 0 1 0 0 0 1 3817.dat
1 0 0 -28 1 1 0 0 0 1 0 0 0 1 3816.dat
1 0 0 -40 1 1 0 0 0 1 0 0 0 1 3815.dat
0 // Torso
1 0 0 -72 1 1 0 0 0 1 0 0 0 1 973p1g.dat
1 14 0 -96 1 1 0 0 0 1 0 0 0 1 3626bp7b.dat
0 // Hair
1 6 0 -96 1 1 0 0 0 1 0 0 0 1 3901.dat
0 // Arms and Hands
1 0 15.552 -63 1 0.9855 0.1308 0.1087 -0.1699 0.7588 0.6307 0 -0.64 0.77 3819.dat
1 15 21.8754 -55.752 -18.719 0.9855 0.1694 -0.0156 -0.1699 0.9825 -0.0906 0 0.0919 0.997 3820.dat
1 0 -15.552 -64 1 0.986 -0.17 0 0.17 0.9859 0 0 0 1 3818.dat
1 15 -23.694 -46.216 -8.9 0.986 -0.12 0.12 0.17 0.697 -0.697 0 0.707 0.707 3820.dat
0
