0 Brown Jacket Driver
0 Name: creature_047_brownjacketdriver.ldr
0 Author: Brian Sauls
0 !LICENSE Redistributable under CC BY-NC-SA version 4.0 : see https://creativecommons.org/licenses/by-nc-sa/4.0/
0 Unofficial Model
0 ROTATION CENTER 0 0 0 1 "Custom" 
0 ROTATION CONFIG 0 0
1 1 0 -77 -2 1 0 0 0 1 0 0 0 1 3624.dat
1 14 0 -77 -2 1 0 0 0 1 0 0 0 1 3626bp04.dat
1 6 0 -53 -2 1 0 0 0 1 0 0 0 1 973p18.dat
1 0 0 -21 -2 1 0 0 0 1 0 0 0 1 3815.dat
1 6 -15.552 -44 -2 0.985 -0.147224 -0.085 0.17 0.853035 0.4925 0 -0.5 0.866025 3818.dat
1 6 15.552 -44 -2 0.985 0.147224 0.085 -0.17 0.853035 0.4925 0 -0.5 0.866025 3819.dat
1 14 -22.5588 -33.9633 -20.3187 0.985 -0.164183 0.0439926 0.17 0.951293 -0.254898 0 0.25878 0.96578 3820.dat
1 14 22.5588 -33.9633 -20.3187 0.985 0.164183 -0.0439926 -0.17 0.951293 -0.254898 0 0.25878 0.96578 3820.dat
1 0 0 -9 -2 1 0 0 0 0 1 0 -1 0 3816.dat
1 0 0 -9 -2 1 0 0 0 0 1 0 -1 0 3817.dat
0
