0 FILE creature_015_mangreengraysuitmustache.ldr
0 Bank Teller
0 Name: creature_015_mangreengraysuitmustache.ldr
0 Author: James Jackson
0 Unofficial Model
0 ROTATION CENTER 0 0 0 1 "Custom" 
0 ROTATION CONFIG 0 0
0 BFC NOCERTIFY

1 2 1 -28 0 0 0 1 0 1 0 -1 0 0 3816.dat
1 2 1 -28 0 0 0 1 0 1 0 -1 0 0 3817.dat
1 2 1 -40 0 0 0 1 0 1 0 -1 0 0 3815.dat
1 7 0 -72 0 0 0 1 0 1 0 -1 0 0 973t03.dat
1 14 0 -96 1 0 0 1 0 1 0 -1 0 0 3626bp03.dat
0 Arms and Hands
1 2 1 -63 -15.552 0 0 1 -0.1699 0.9855 0 -0.9855 -0.1699 0 3819.dat
1 14 -8.9 -45.2243 -23.69 0 0.7071 0.7071 -0.1699 0.6968 -0.6968 -0.9855 -0.1201 0.1201 3820.dat
1 2 1 -63 15.552 0 -0.7071 0.7071 0.1699 0.6968 0.6968 -0.9855 0.1201 0.1201 3818.dat
1 14 -19.3647 -57.5781 21.56 0 0 1 0.1699 0.9855 0 -0.9855 0.1699 0 3820.dat
0
0 FILE 973t03.dat
0 Minifig Torso - Banker
0 Name: 973t03.dat
0 Author: James Jackson (jejackso@memphis.edu)
0 Unofficial Part
0 ROTATION CENTER 0 0 0 1 "Custom" 
0 ROTATION CONFIG 0 0
0 CW compliant
1 16 0 0 0 1 0 0 0 1 0 0 0 1 s\973s01.dat
0 Plain back
4 16 -19 32 10 19 32 10 19 29 10 -19 29 10
4 16 19 29 10 -19 29 10 -14.35 2 10 14.35 2 10
4 16 12 0 10 -12 0 10 -14.35 2 10 14.35 2 10
0 Decoration
4 16 -12 0 -10 -8 0 -10 -7.36 2 -10 -14.35 2 -10
4 16 8 0 -10 12 0 -10 14.35 2 -10 7.36 2 -10
4 16 -14.35 2 -10 -7.36 2 -10 -6.4 5 -10 -14.86 5 -10
4 16 7.36 2 -10 14.35 2 -10 14.86 5 -10 6.4 5 -10
4 16 -14.86 5 -10 -6.4 5 -10 -3.6 10 -10 -15.72 10 -10
4 16 6.4 5 -10 14.86 5 -10 15.72 10 -10 3.6 10 -10
4 16 -15.72 10 -10 -3.6 10 -10 0 16 -10 -16.76 16 -10
4 16 3.6 10 -10 15.72 10 -10 16.76 16 -10 0 16 -10
4 16 -16.76 16 -10 -1.4 16 -10 -1.4 29 -10 -19 29 -10
4 16 1.4 16 -10 16.76 16 -10 19 29 -10 1.4 29 -10
4 16 -19 29 -10 19 29 -10 19 32 -10 -19 32 -10
4 16 -1.4 16 -10 1.4 16 -10 1.4 17.6 -10 -1.4 17.6 -10
4 16 -1.4 20.4 -10 1.4 20.4 -10 1.4 21.6 -10 -1.4 21.6 -10
4 16 -1.4 24.4 -10 1.4 24.4 -10 1.4 25.6 -10 -1.4 25.6 -10
4 16 -1.4 28.4 -10 1.4 28.4 -10 1.4 29 -10 -1.4 29 -10
4 2 -8 0 -10 8 0 -10 6.4 5 -10 -6.4 5 -10
4 2 -6.4 5 -10 6.4 5 -10 3.6 10 -10 -3.6 10 -10
3 2 -3.6 10 -10 3.6 10 -10 0 16 -10
1 16 0 19 -10 1.3 0 0 0 0 -1.3 0 1 0 4-4ndis.dat
1 16 0 23 -10 1.3 0 0 0 0 -1.3 0 1 0 4-4ndis.dat
1 16 0 27 -10 1.3 0 0 0 0 -1.3 0 1 0 4-4ndis.dat
0 Buttons
1 14 0 19 -10 1.3 0 0 0 0 -1.3 0 1 0 4-4disc.dat
1 14 0 23 -10 1.3 0 0 0 0 -1.3 0 1 0 4-4disc.dat
1 14 0 27 -10 1.3 0 0 0 0 -1.3 0 1 0 4-4disc.dat
0 
0
0
