0 Loan Officer
0 Name: pedestrian_013_manblacksuitdriving.ldr
0 Author: James Jackson
0 Unofficial Model
0 ROTATION CENTER 0 0 0 1 "Custom" 
0 ROTATION CONFIG 0 0
1 0 0 -9 -2 1 0 0 0 0 1 0 -1 0 3816.dat
1 0 0 -9 -2 1 0 0 0 0 1 0 -1 0 3817.dat
1 0 0 -21 -2 1 0 0 0 1 0 0 0 1 3815.dat
0 1 0 -220 -61 288 1 0 0 0 1 0 0 0 1 973t04.ldr
1 0 0 -53 -2 1 0 0 0 1 0 0 0 1 973p18.dat
1 14 0 -76 -2 1 0 0 0 1 0 0 0 1 3626bp04.dat
0 Arms and Hands
1 0 15.552 -44 -2 0.9855 0.1201 0.1201 -0.1699 0.6968 0.6968 0 -0.7071 0.7071 3819.dat
1 14 21.56 -38.578 -22.365 0.9855 0.1699 0 -0.1699 0.9855 0 0 0 1 3820.dat
1 0 -15.552 -44 -2 0.9855 -0.1201 -0.1201 0.1699 0.6968 0.6968 0 -0.7071 0.7071 3818.dat
1 14 -21.56 -38.578 -22.365 0.9855 -0.1699 0 0.1699 0.9855 0 0 0 1 3820.dat
0
