0 Bicyclist in Red Shirt
0 Name: pedestrian_062_bicyclistredshirt.ldr
0 Author: Tore Eriksson
0 !LICENSE Redistributable under CC BY-NC-SA version 4.0 : see https://creativecommons.org/licenses/by-nc-sa/4.0/
0 Unofficial Model
0 ROTATION CENTER 0 0 0 1 "Custom" 
0 ROTATION CONFIG 0 0
0 legs
1 1 0 0 0 1 0 0 0 0.927 0.375 0 -0.375 0.927 3817.dat
1 1 0 0 0 1 0 0 0 0.927 0.375 0 -0.375 0.927 3816.dat
0 hip
1 0 0 -11.67 -2.802 1 0 0 0 0.973 -0.234 0 0.234 0.973 3815.dat
0 torso
1 4 0 -42.785 -10.27 1 0 0 0 0.973 -0.234 0 0.234 0.973 973.dat
0 head
1 14 0 -66.121 -15.873 1 0 0 0 0.973 -0.234 0 0.234 0.973 3626bp01.dat
0 hat/hair
1 6 0 -66.109 -15.925 1 0 0 0 0.973 -0.234 0 0.234 0.973 3901.dat
0 arms and hands
1 4 -15.552 -33.979 -8.147 0.986 -0.17 0 0.135 0.781 0.609 -0.103 -0.6 0.793 3818.dat
1 14 -23.5 -26.579 -26.469 0.084 -0.996 -0.002 0.987 0.084 -0.145 0.131 0.005 0.989 3820.dat
1 4 15.552 -33.979 -8.147 0.986 0.17 0 -0.135 0.781 0.609 0.103 -0.6 0.793 3819.dat
1 14 23.5 -26.579 -26.469 0.084 0.996 0.002 -0.987 0.084 -0.145 -0.131 0.005 0.989 3820.dat
0
