0 Businessman Minifig
0 Name: pedestrian_057_citycatbusinessman.ldr
0 Author: Tim Gould
0 !LICENSE Redistributable under CC BY-SA version 3.0 : see https://creativecommons.org/licenses/by-sa/3.0/
0 Unofficial Model
0 ROTATION CENTER 0 0 0 1 "Custom" 
0 ROTATION CONFIG 0 0
1 6 0 -77 -2 1 0 0 0 1 0 0 0 1 3901.dat
1 14 0 -77 -2 1 0 0 0 1 0 0 0 1 3626bp01.dat
1 0 0 -53 -2 1 0 0 0 1 0 0 0 1 973p18.dat
1 0 0 -21 -2 1 0 0 0 1 0 0 0 1 3815.dat
1 0 -15.552 -44 -2 0.985 -0.17 0 0.17 0.985 0 0 0 1 3818.dat
1 0 15.552 -44 -2 0.985 0.17 0 -0.147224 0.853035 0.5 0.085 -0.4925 0.866025 3819.dat
1 14 -23.8634 -26.4044 -12.321 0.985 -0.12019 0.12019 0.17 0.696395 -0.696395 0 0.707 0.707 3820.dat
1 14 23.863 -33.922 -19.736 0.985 0.12019 -0.12019 -0.147224 0.956596 -0.249596 0.085 0.264082 0.960477 3820.dat
1 0 0 -9 -2 1 0 0 0 0 1 0 -1 0 3816.dat
1 0 0 -9 -2 1 0 0 0 0 1 0 -1 0 3817.dat
0 
0 
0 
0
