0 Datsville Alehouse Minifig
0 Name: pedestrian_026_castleguard.ldr
0 Author: Jonathan Wilson
0 !LICENSE Redistributable under CC BY-NC-SA version 4.0 : see https://creativecommons.org/licenses/by-nc-sa/4.0/
0 Unofficial Model
0 ROTATION CENTER 0 0 0 1 "Custom" 
0 ROTATION CONFIG 0 0
1 4 0 -28 1 1 0 0 0 1 0 0 0 1 3817.dat
1 4 0 -28 1 1 0 0 0 1 0 0 0 1 3816.dat
1 0 0 -41 1 1 0 0 0 1 0 0 0 1 3815.dat
1 4 0 -73 1 1 0 0 0 1 0 0 0 1 973p41.dat
1 14 0 -98 1 1 0 0 0 1 0 0 0 1 3626bp01.dat
1 8 0 -100 1 1 0 0 0 1 0 0 0 1 3896.dat
0 
0 Arms and Hands
1 1 15.552 -64 1 0.9855 0.1699 0 -0.1699 0.9855 0 0 0 1 3819.dat
1 14 23.6904 -46.2243 -8.9 0.9855 0.1201 -0.1201 -0.1699 0.6968 -0.6968 0 0.7071 0.7071 3820.dat
1 1 -15.552 -64 1 0.9855 -0.1699 0 0.1699 0.9855 0 0 0 1 3818.dat
1 14 -23.6904 -46.2243 -8.9 0.9855 -0.1201 0.1201 0.1699 0.6968 -0.6968 0 0.7071 0.7071 3820.dat
0
