0 Carriage House Medic 2
0 Name: pedestrian_043_medic_2.ldr
0 Author: Michael Horvath
0 !LICENSE Redistributable under CC BY-NC-SA version 4.0 : see https://creativecommons.org/licenses/by-nc-sa/4.0/
0 Unofficial Model
0 ROTATION CENTER 0 0 0 1 "Custom" 
0 ROTATION CONFIG 0 0
1 14 0 -96 1 1 0 0 0 1 0 0 0 1 3626bps4.dat
1 2 0 -96 1 1 0 0 0 1 0 0 0 1 4485.dat
1 15 0 -72 1 1 0 0 0 1 0 0 0 1 973p24.dat
1 15 0 -40 1 1 0 0 0 1 0 0 0 1 3815.dat
1 15 -15.552 -63 1 0.985 -0.17 0 0.17 0.985 0 0 0 1 3818.dat
1 15 15.552 -63 1 0.985 0.17 0 -0.17 0.985 0 0 0 1 3819.dat
1 14 -23.8634 -45.4044 -9.321 0.985 -0.12019 0.12019 0.17 0.696395 -0.696395 0 0.707 0.707 3820.dat
1 14 23.8634 -45.4044 -9.321 0.985 0.12019 -0.12019 -0.17 0.696395 -0.696395 0 0.707 0.707 3820.dat
1 15 0 -28 0 1 0 0 0 1 0 0 0 1 3817.dat
1 15 0 -28 1 1 0 0 0 1 0 0 0 1 3816.dat
0
