0 Gum Tree
0 Name: infastructure_gumtree.ldr
0 Author: Tim Gould
0 !LICENSE Redistributable under CC BY-SA version 3.0 : see https://creativecommons.org/licenses/by-sa/3.0/
0 Unofficial Model
0 ROTATION CENTER 0 0 0 1 "Custom" 
0 ROTATION CONFIG 0 0
1 7 0 -48 0 1 0 0 0 1 0 0 0 1 6143.dat
1 19 0 -56 0 1 0 0 0 1 0 0 0 1 4032a.dat
1 7 0 -80 0 1 0 0 0 1 0 0 0 1 4032a.dat
1 19 0 -64 0 1 0 0 0 1 0 0 0 1 4032a.dat
1 7 0 -72 0 1 0 0 0 1 0 0 0 1 4032a.dat
1 19 0 -24 0 1 0 0 0 1 0 0 0 1 6143.dat
1 2 -53.5 -335 -50.703 0.482963 -0.12941 -0.866025 0.258819 0.965926 0 0.836516 -0.224144 0.5 44302.dat
1 2 -76.613 -355.668 -90.736 -0.866025 -0.12941 -0.482963 0 0.965926 -0.258819 0.5 -0.224144 -0.836516 2417.dat
1 2 -59.365 -329.861 -60.862 -0.482963 -0.12941 0.866025 -0.258819 0.965926 0 -0.836516 -0.224144 -0.5 30176.dat
1 2 -20 -240.861 57.73 0 0 1 0.258819 0.965926 0 -0.965926 0.258819 0 44302.dat
1 2 -20 -251.177 65.319 -0.866025 0 0.5 0.12941 0.965926 0.224144 -0.482963 0.258819 -0.836516 2423.dat
1 2 -20 -246 46 0 0 -1 -0.258819 0.965926 0 0.965926 0.258819 0 2423.dat
1 2 -64.93 -338.948 22.217 0.808504 -0.310356 0.5 0.358368 0.93358 0 -0.46679 0.179184 0.866025 44302.dat
1 2 -70.532 -350 25.452 0.450185 -0.310356 0.837265 0.310356 0.93358 0.179184 -0.837265 0.179184 0.516605 2423.dat
1 2 -74 -279 0 0.866025 -0.5 0 0.5 0.866025 0 0 0 1 44302.dat
1 2 -78.66 -290.928 0 0 -0.5 0.866025 0 0.866025 0.5 -1 0 0 2423.dat
1 19 0 -104 0 1 0 0 0 1 0 0 0 1 6143.dat
1 19 -10 -128 10 1 0 0 0 1 0 0 0 1 3005.dat
1 7 10 -128 10 0 0 -1 0 1 0 1 0 0 4070.dat
1 7 31 -172 10 0.309017 0 -0.951057 0 1 0 0.951057 0 0.309017 4070.dat
1 19 -10 -152 10 0 0 -1 0 1 0 1 0 0 3040b.dat
1 19 31 -148 10 0 0 -1 0 1 0 1 0 0 3062b.dat
1 19 31 -196 10 0 0 -1 0 1 0 1 0 0 3062b.dat
1 2 31 -220 10 1 0 0 0 1 0 0 0 1 30176.dat
1 2 -73.447 -338.438 27.135 -0.808504 -0.310356 -0.5 -0.358368 0.93358 0 0.46679 0.179184 -0.866025 30176.dat
1 19 -20 -232 10 -1 0 0 0 1 0 0 0 -1 44567.dat
1 19 -30 -264 0 0 0 1 0 1 0 -1 0 0 44567.dat
1 19 -25 -328 -1.34 -0.5 0 0.866025 0 1 0 -0.866025 0 -0.5 44567.dat
1 2 10 -336 59.282 0.866025 0 0.5 0 1 0 -0.5 0 0.866025 2417.dat
1 2 21.962 -336 -40 -0.5 0 0.866025 0 1 0 -0.866025 0 -0.5 2417.dat
1 2 -30 -360 -10 0.866025 0 -0.5 0 1 0 0.5 0 0.866025 30176.dat
1 19 -79.282 -190 -30 0 0.866025 -0.5 -1 0 0 0 0.5 0.866025 30374.dat
1 2 -70.622 -190 -25 -0.5 -0.866025 0 0 0 -1 0.866025 -0.5 0 30176.dat
1 2 -91.406 -190 -37 0.433013 -0.866025 0.25 -0.5 0 0.866025 -0.75 -0.5 -0.433013 30176.dat
1 19 106.134 -162 -14.413 -0.309017 -0.951057 0 0 0 1 -0.951057 0.309017 0 30374.dat
1 2 106.134 -162 -14.413 0 0.951057 -0.309017 1 0 0 0 -0.309017 -0.951057 30176.dat
1 19 -10 -176 10 0 0 -1 0 1 0 1 0 0 3062b.dat
1 19 -10 -224 10 0 0 -1 0 1 0 1 0 0 3062b.dat
1 7 -30 -288 -10 0.5 0 -0.866025 0 1 0 0.866025 0 0.5 3062b.dat
1 19 -30 -312 -10 0.5 0 -0.866025 0 1 0 0.866025 0 0.5 3062b.dat
1 19 -35 -320 -18.66 -0.5 0 0.866025 0 1 0 -0.866025 0 -0.5 30383.dat
1 19 -30 -256 10 0 0 -1 0 1 0 1 0 0 3062b.dat
1 7 -10 -200 10 0.5 0 0.866025 0 1 0 -0.866025 0 0.5 4070.dat
1 19 40 -118 10 0 -1 0 0 0 1 -1 0 0 4070.dat
0
