0 Coolabah Tree
0 Name: infastructure_coolabahtree.ldr
0 Author: Tim Gould
0 !LICENSE Redistributable under CC BY-SA version 3.0 : see https://creativecommons.org/licenses/by-sa/3.0/
0 Unofficial Model
0 ROTATION CENTER 0 0 0 1 "Custom" 
0 ROTATION CONFIG 0 0
1 0 0 -24 0 1 0 0 0 1 0 0 0 1 3941.dat
1 2 136 -173.502 17.068 0.866025 0.5 0 -0.490814 0.850113 0.190809 0.0954049 -0.165245 0.981627 30176.dat
1 0 139.34 -148.187 12.149 -0.866025 0.5 0 0.490814 0.850113 -0.190809 -0.0954049 -0.165245 -0.981627 44302.dat
1 2 101.301 -182 58.089 -0.279596 -0.829038 0.484275 -0.866025 0 -0.5 0.414519 -0.559193 -0.717968 30176.dat
1 0 41.607 -182 17.83 0 -0.829038 -0.559193 1 0 0 0 -0.559193 0.829038 3957a.dat
1 0 0 -48 0 1 0 0 0 1 0 0 0 1 3941.dat
1 0 0 -72 0 1 0 0 0 1 0 0 0 1 3941.dat
1 0 -10 -96 -10 1 0 0 0 1 0 0 0 1 3062b.dat
1 0 -10 -120 -10 1 0 0 0 1 0 0 0 1 3062b.dat
1 0 -10 -144 -10 0.866025 0 0.5 0 1 0 -0.5 0 0.866025 3062b.dat
1 0 60 -110 10 0 -1 0 1 0 0 0 0 1 3062b.dat
1 0 84 -110 10 0 -1 0 1 0 0 0 0 1 3062b.dat
1 0 108 -110 10 0 -1 0 0.898794 0 0.438371 -0.438371 0 0.898794 3062b.dat
1 0 148 -118.766 -7.976 0 -1 0 0.898794 0 0.438371 -0.438371 0 0.898794 3062b.dat
1 0 148 -92 46 0 -1 0 1 0 0 0 0 1 3062b.dat
1 0 172 -92.465 45.952 0 -1 0 0.898794 0 0.438371 -0.438371 0 0.898794 3062b.dat
1 0 244 -92 46 0 -1 0 1 0 0 0 0 1 30374.dat
1 0 220 -118.766 -7.976 0 -1 0 0.898794 0 0.438371 -0.438371 0 0.898794 30374.dat
1 0 124 -92.024 1.233 0 -1 0 0.981627 0 0.190809 -0.190809 0 0.981627 3957a.dat
1 0 116 -101.651 4.123 0 -1 0 -0.981627 0 -0.190809 0.190809 0 -0.981627 44301.dat
1 0 124 -105.62 18.984 0 -1 0 0.438371 0 -0.898794 0.898794 0 0.438371 3710.dat
1 0 -27.321 -184 0 0.62932 0 0.777146 0 1 0 -0.777146 0 0.62932 3062b.dat
1 0 15.981 -152 -25 0.866025 0 0.5 0 1 0 -0.5 0 0.866025 3666.dat
1 0 15.981 -160 -25 0.866025 0 0.5 0 1 0 -0.5 0 0.866025 3666.dat
1 0 30 -168 10 1 0 0 0 1 0 0 0 1 3062b.dat
1 0 30 -216 10 0.5 0 0.866025 0 1 0 -0.866025 0 0.5 3062b.dat
1 0 20 -264 27.321 0.5 0 0.866025 0 1 0 -0.866025 0 0.5 3062b.dat
1 2 20 -288 27.321 0.5 0 0.866025 0 1 0 -0.866025 0 0.5 30176.dat
1 2 -73.95 -216 -37.76 -0.358368 0 0.93358 0 1 0 -0.93358 0 -0.358368 30176.dat
1 2 59.282 -184 -50 0 0 1 0 1 0 -1 0 0 30176.dat
1 0 10 -96 10 0 0 -1 0 1 0 1 0 0 3665.dat
1 0 30 -240 10 -0.866025 0 0.5 0 1 0 -0.5 0 -0.866025 3665.dat
1 0 -50.634 -192 -18.879 -0.777146 0 0.62932 0 1 0 -0.62932 0 -0.777146 3710.dat
1 0 30 -144 10 0 0 -1 0 1 0 1 0 0 3062b.dat
1 0 30 -120 10 0 0 -1 0 1 0 1 0 0 4070.dat
1 0 30 -192 10 -0.559193 0 -0.829038 0 1 0 0.829038 0 -0.559193 4070.dat
1 2 204 -92.024 1.233 0 -1 0 0.913545 0 0.406736 -0.406736 0 0.913545 30176.dat
1 2 212 -118.766 -7.976 0 -1 0 -0.438371 0 0.898794 -0.898794 0 -0.438371 30176.dat
1 2 228 -92.465 45.952 0 -1 0 -0.997564 0 0.0697567 -0.0697567 0 -0.997564 30176.dat
1 2 252 -92.465 45.952 0 -1 0 -0.0697567 0 -0.997564 0.997564 0 -0.0697567 30176.dat
0
