0 Bullshit
0 Name: creature_076_bullpoop.ldr
0 Author: Tim Gould
0 !LICENSE Redistributable under CC BY-NC-SA version 4.0 : see https://creativecommons.org/licenses/by-nc-sa/4.0/
0 Do with it as you like. Send rerenders to:
0 tgould.lego(A@T)gmail.com
0 and I'll put them up.
0 ROTATION CENTER 0 0 0 1 "Custom" 
0 ROTATION CONFIG 0 0
1 6 90 -8 0 1 0 0 0 1 0 0 0 1 4032a.dat
1 6 90 -16 0 1 0 0 0 1 0 0 0 1 4073.dat
1 0 0 -88 0 1 0 0 0 -1 0 0 0 -1 3623.dat
1 0 40 -88 0 0 0 -1 0 -1 0 -1 0 0 4085a.dat
1 0 60 -76 0 0 0 -1 0 -1 0 -1 0 0 30374.dat
1 0 -30 -56 20.001 -1 0 0 0 -1 0 0 0 1 30383.dat
1 0 -29.999 -56 -20.001 -1 0 0 0 -1 0 0 0 1 30383.dat
1 0 10 -56 0 0 0 1 0 -1 0 1 0 0 3021.dat
1 0 10 -47.999 20.001 1 0 0 0 -1 0 0 0 -1 44302.dat
1 0 10.001 -48 -20 1 0 0 0 -1 0 0 0 -1 44302.dat
1 0 30 -64 0 0 0 -1 0 -1 0 -1 0 0 3002.dat
1 0 -10 -64 0 0 0 -1 0 -1 0 -1 0 0 3002.dat
1 0 -50 -19 -20 0 1 0 -1 0 0 0 0 1 30365.dat
1 0 30 -20 -20 0 1 0 -1 0 0 0 0 1 30364.dat
1 0 -50 -19 20 0 1 0 -1 0 0 0 0 1 30365.dat
1 0 30 -20 20 0 1 0 -1 0 0 0 0 1 30364.dat
1 0 -40 -64 20.001 0 0 -1 0 -1 0 -1 0 0 3005.dat
1 0 -10 -56 0 -1 0 0 0 -1 0 0 0 1 4275b.dat
1 0 -40 -64 -20.001 0 0 -1 0 -1 0 -1 0 0 3005.dat
1 0 -70 -58 1 0.984808 0.173648 0 -0.173648 0.984808 0 0 0 1 4276b.dat
1 0 -93.864 -78.163 1 -0.984808 0.173648 0 0.173648 0.984808 0 0 0 -1 2743.dat
1 0 -85.404 -87.777 1 0 0.173648 0.984808 0 0.984808 -0.173648 -1 0 0 3069b.dat
1 19 -84.71 -83.837 19 0.984808 0 0.173648 -0.173648 0 0.984808 0 -1 0 30378.dat
1 19 -84.711 -83.837 -17 -0.984808 0 0.173648 0.173648 0 0.984808 0 1 0 30378.dat
1 0 -55.861 -92.987 1 -0.984808 0.173648 0 0.173648 0.984808 0 0 0 -1 3023.dat
0
