0 Sports Car Driver
0 Name: creature_046_sportscardriver
0 Author: Jeremy Sproat(?)
0 Unofficial Model
0 ROTATION CENTER 0 0 0 1 "Custom" 
0 ROTATION CONFIG 0 0
0 legs & hip
1 0 0 -9 -2 1 0 0 0 0 1 0 -1 0 3817.dat
1 0 0 -9 -2 1 0 0 0 0 1 0 -1 0 3816.dat
1 0 0 -20.818 0.084 1 0 0 0 0.985 0.174 0 -0.174 0.985 3815.dat
0 torso
1 15 0 -52.332 5.641 1 0 0 0 0.985 0.174 0 -0.174 0.985 973p14.dat
0 head
1 14 0 -75.967 9.808 1 0 0 0 0.985 0.174 0 -0.174 0.985 3626bp01.dat
0 hat
1 0 0 -75.967 9.808 1 0 0 0 0.985 0.174 0 -0.174 0.985 3624.dat
0 arms
1 15 0 -44.453 4.251 1 0 0 0 0.643 0.766 0 -0.766 0.643 975.dat
1 15 0 -44.453 4.251 1 0 0 0 0.643 0.766 0 -0.766 0.643 976.dat
0 hands
1 14 -23 -43.471 -21.032 0 0 1 0.087 1 0 1 -0.087 0 977.dat
1 14 23 -43.471 -21.032 0 0 1 0.087 1 0 1 -0.087 0 977.dat
0
