0 Carriage House Fireman Sitting
0 Name: creature_041_fman_stand.ldr
0 Author: Michael Horvath
0 !LICENSE Redistributable under CC BY-NC-SA version 4.0 : see https://creativecommons.org/licenses/by-nc-sa/4.0/
0 Unofficial Model
0 ROTATION CENTER 0 0 0 1 "Custom" 
0 ROTATION CONFIG 0 0
1 15 0 -100 1 1 0 0 0 1 0 0 0 1 3834.dat
1 6 0 -100 1 1 0 0 0 1 0 0 0 1 3626bp39.dat
1 15 0 -72 1 1 0 0 0 1 0 0 0 1 3838.dat
1 0 0 -72 1 1 0 0 0 1 0 0 0 1 973p77.dat
1 0 0 -40 1 1 0 0 0 1 0 0 0 1 3815.dat
1 0 -15.552 -63 1 0.985 -0.17 0 0.17 0.985 0 0 0 1 3818.dat
1 0 15.552 -63 1 0.985 0.17 0 -0.17 0.985 0 0 0 1 3819.dat
1 6 -23.8634 -45.4044 -9.321 0.985 -0.12019 0.12019 0.17 0.696395 -0.696395 0 0.707 0.707 3820.dat
1 6 23.8634 -45.4044 -9.321 0.985 0.12019 -0.12019 -0.17 0.696395 -0.696395 0 0.707 0.707 3820.dat
1 0 0 -28 1 1 0 0 0 1 0 0 0 1 3817.dat
1 0 0 -28 1 1 0 0 0 1 0 0 0 1 3816.dat
0 
0
