0 Thai Monk
0 Name: creature_060_thaimonk.ldr
0 Author: Tim Gould
0 !LICENSE Redistributable under CC BY-NC-SA version 4.0 : see https://creativecommons.org/licenses/by-nc-sa/4.0/
0 Unofficial Model
0 ROTATION CENTER 0 0 0 1 "Custom" 
0 ROTATION CONFIG 0 0
1 14 0 -96 0 0.965926 0 0.258819 0 1 0 -0.258819 0 0.965926 3626bp01.dat
1 484 0 -72 0 1 0 0 0 1 0 0 0 1 973pn6.dat
1 484 0 -40 0 1 0 0 0 1 0 0 0 1 3023.dat
1 484 0 -32 0 1 0 0 0 1 0 0 0 1 3023.dat
1 484 0 -24 0 1 0 0 0 1 0 0 0 1 3023.dat
1 14 -10 -16 0 1 0 0 0 1 0 0 0 1 4073.dat
1 14 10 -16 0 1 0 0 0 1 0 0 0 1 4073.dat
1 8 -10 -8 0 1 0 0 0 1 0 0 0 1 4073.dat
1 8 10 -8 0 1 0 0 0 1 0 0 0 1 4073.dat
1 14 -15.552 -63 0 0.985 -0.17 0 0.17 0.985 0 0 0 1 3818.dat
1 484 15.552 -63 0 0.985 0.17 0 -0.17 0.985 0 0 0 1 3819.dat
1 14 -23.8634 -45.4044 -10.321 0.985 -0.12019 0.12019 0.17 0.696395 -0.696395 0 0.707 0.707 3820.dat
1 14 23.8634 -45.4044 -10.321 0.985 0.12019 -0.12019 -0.17 0.696395 -0.696395 0 0.707 0.707 3820.dat
0
