0 Corn Patch Medium #4
0 Name: plant_cornpatch_medium_04.ldr
0 Author: Michael Horvath
0 !LICENSE Redistributable under CC BY-SA version 4.0 : see https://creativecommons.org/licenses/by-sa/4.0/
0 Unofficial Model
0 ROTATION CENTER 0 0 0 1 "Custom" 
0 ROTATION CONFIG 0 0
1 16 130.001 0 150.001 -0.707107 0 -0.707107 0 1 0 0.707107 0 -0.707107 plant_cornplant_03.ldr
1 16 130.001 0 110.001 0.92388 0 -0.382683 0 1 0 0.382683 0 0.92388 plant_cornplant_05.ldr
1 16 130.001 0 70 -0.707107 0 0.707107 0 1 0 -0.707107 0 -0.707107 plant_cornplant_02.ldr
1 16 130.001 0 30.001 0.382683 0 0.92388 0 1 0 -0.92388 0 0.382683 plant_cornplant_04.ldr
1 16 130.001 0 -9.999 -0.707107 0 -0.707107 0 1 0 0.707107 0 -0.707107 plant_cornplant_01.ldr
1 16 130.001 0 -49.998 0.92388 0 -0.382683 0 1 0 0.382683 0 0.92388 plant_cornplant_03.ldr
1 16 130.001 0 -90 -1 0 0 0 1 0 0 0 -1 plant_cornplant_04.ldr
1 16 130.001 0 -129.999 0.92388 0 0.382683 0 1 0 -0.382683 0 0.92388 plant_cornplant_02.ldr
0 
1 16 50 0 150.001 0.707107 0 -0.707107 0 1 0 0.707107 0 0.707107 plant_cornplant_01.ldr
1 16 50.001 0 110.001 0.707107 0 0.707107 0 1 0 -0.707107 0 0.707107 plant_cornplant_04.ldr
1 16 50.001 0 70.001 0.707107 0 0.707107 0 1 0 -0.707107 0 0.707107 plant_cornplant_02.ldr
1 16 50.001 0 30.001 -0.92388 0 0.382683 0 1 0 -0.382683 0 -0.92388 plant_cornplant_05.ldr
1 16 50.001 0 -10 0.707107 0 0.707107 0 1 0 -0.707107 0 0.707107 plant_cornplant_01.ldr
1 16 50.001 0 -49.999 -0.707107 0 -0.707107 0 1 0 0.707107 0 -0.707107 plant_cornplant_02.ldr
1 16 50.001 0 -89.999 -0.382683 0 0.92388 0 1 0 -0.92388 0 -0.382683 plant_cornplant_05.ldr
1 16 50.001 0 -129.998 -0.92388 0 0.382683 0 1 0 -0.382683 0 -0.92388 plant_cornplant_01.ldr
0 
1 16 -29.999 0 150.001 -1 0 0 0 1 0 0 0 -1 plant_cornplant_05.ldr
1 16 -29.999 0 110.001 0.707107 0 0.707107 0 1 0 -0.707107 0 0.707107 plant_cornplant_01.ldr
1 16 -30 0 70.001 0.707107 0 -0.707107 0 1 0 0.707107 0 0.707107 plant_cornplant_02.ldr
1 16 -29.999 0 30.001 1 0 0 0 1 0 0 0 1 plant_cornplant_04.ldr
1 16 -29.999 0 -9.999 0.382683 0 0.92388 0 1 0 -0.92388 0 0.382683 plant_cornplant_01.ldr
1 16 -29.999 0 -49.998 0.92388 0 -0.382683 0 1 0 0.382683 0 0.92388 plant_cornplant_04.ldr
1 16 -29.999 0 -90 0.382683 0 -0.92388 0 1 0 0.92388 0 0.382683 plant_cornplant_02.ldr
1 16 -29.999 0 -129.999 -0.382683 0 -0.92388 0 1 0 0.92388 0 -0.382683 plant_cornplant_02.ldr
0 
1 16 -110 0 150.001 0.707107 0 -0.707107 0 1 0 0.707107 0 0.707107 plant_cornplant_02.ldr
1 16 -109.999 0 110.001 -0.707107 0 -0.707107 0 1 0 0.707107 0 -0.707107 plant_cornplant_05.ldr
1 16 -109.999 0 70.001 0 0 -1 0 1 0 1 0 0 plant_cornplant_03.ldr
1 16 -109.999 0 30.001 -1 0 0 0 1 0 0 0 -1 plant_cornplant_04.ldr
1 16 -110 0 -9.999 1 0 0 0 1 0 0 0 1 plant_cornplant_01.ldr
1 16 -109.999 0 -49.999 0.707107 0 -0.707107 0 1 0 0.707107 0 0.707107 plant_cornplant_02.ldr
1 16 -109.999 0 -89.999 0.707107 0 -0.707107 0 1 0 0.707107 0 0.707107 plant_cornplant_04.ldr
1 16 -110 0 -129.999 -0.707107 0 -0.707107 0 1 0 0.707107 0 -0.707107 plant_cornplant_02.ldr
0 
0
