0 Corn Patch Medium #2
0 Name: infrastructure_cornpatch_02.ldr
0 Author: Michael Horvath
0 !LICENSE Redistributable under CC BY-SA version 4.0 : see https://creativecommons.org/licenses/by-sa/4.0/
0 Unofficial Model
0 ROTATION CENTER 0 0 0 1 "Custom" 
0 ROTATION CONFIG 0 0
1 16 -150 0 -130 0.382683 0 -0.92388 0 1 0 0.92388 0 0.382683 plant_cornplant_01.ldr
1 16 -110 0 -130 -0.382684 0 0.92388 0 1 0 -0.92388 0 -0.382684 plant_cornplant_03.ldr
1 16 -70 0 -130 0.92388 0 -0.382683 0 1 0 0.382683 0 0.92388 plant_cornplant_02.ldr
1 16 -30 0 -130 0 0 1 0 1 0 -1 0 0 plant_cornplant_01.ldr
1 16 10 0 -130 -0.707107 0 -0.707107 0 1 0 0.707107 0 -0.707107 plant_cornplant_05.ldr
1 16 50 0 -130 0 0 1 0 1 0 -1 0 0 plant_cornplant_04.ldr
1 16 90 0 -130 0.707107 0 -0.707107 0 1 0 0.707107 0 0.707107 plant_cornplant_02.ldr
1 16 130 0 -130 -0.92388 0 0.382683 0 1 0 -0.382683 0 -0.92388 plant_cornplant_01.ldr
1 16 150 0 -90 0.707107 0 -0.707107 0 1 0 0.707107 0 0.707107 plant_cornplant_03.ldr
1 16 110 0 -90 0.382683 0 0.92388 0 1 0 -0.92388 0 0.382683 plant_cornplant_05.ldr
1 16 70 0 -90 -0.707107 0 -0.707107 0 1 0 0.707107 0 -0.707107 plant_cornplant_02.ldr
1 16 30 0 -90 -0.92388 0 0.382683 0 1 0 -0.382683 0 -0.92388 plant_cornplant_04.ldr
1 16 -10 0 -90 0.707107 0 -0.707107 0 1 0 0.707107 0 0.707107 plant_cornplant_01.ldr
1 16 -50 0 -90 0.382683 0 0.92388 0 1 0 -0.92388 0 0.382683 plant_cornplant_03.ldr
1 16 -90 0 -90 0 0 -1 0 1 0 1 0 0 plant_cornplant_04.ldr
1 16 -130 0 -90 -0.382683 0 0.92388 0 1 0 -0.92388 0 -0.382683 plant_cornplant_02.ldr
0 
1 16 -150 0 -50 -0.707107 0 -0.707107 0 1 0 0.707107 0 -0.707107 plant_cornplant_02.ldr
1 16 -110 0 -50 -0.92388 0 -0.382684 0 1 0 0.382684 0 -0.92388 plant_cornplant_05.ldr
1 16 -70 0 -50 1 0 0 0 1 0 0 0 1 plant_cornplant_03.ldr
1 16 -30 0 -50 -0.707107 0 -0.707107 0 1 0 0.707107 0 -0.707107 plant_cornplant_04.ldr
1 16 10 0 -50 -0.382683 0 -0.92388 0 1 0 0.92388 0 -0.382683 plant_cornplant_05.ldr
1 16 50 0 -50 -0.707107 0 0.707107 0 1 0 -0.707107 0 -0.707107 plant_cornplant_02.ldr
1 16 90 0 -50 1 0 0 0 1 0 0 0 1 plant_cornplant_01.ldr
1 16 130 0 -50 0.92388 0 0.382683 0 1 0 -0.382683 0 0.92388 plant_cornplant_03.ldr
1 16 150 0 -10 0.707107 0 0.707107 0 1 0 -0.707107 0 0.707107 plant_cornplant_01.ldr
1 16 110 0 -10 -0.707107 0 0.707107 0 1 0 -0.707107 0 -0.707107 plant_cornplant_04.ldr
1 16 70 0 -10 -0.707107 0 0.707107 0 1 0 -0.707107 0 -0.707107 plant_cornplant_02.ldr
1 16 30 0 -10 -0.382683 0 -0.92388 0 1 0 0.92388 0 -0.382683 plant_cornplant_05.ldr
1 16 -10 0 -10 -0.707107 0 0.707107 0 1 0 -0.707107 0 -0.707107 plant_cornplant_01.ldr
1 16 -50 0 -10 0.707107 0 -0.707107 0 1 0 0.707107 0 0.707107 plant_cornplant_02.ldr
1 16 -90 0 -10 -0.92388 0 -0.382683 0 1 0 0.382683 0 -0.92388 plant_cornplant_05.ldr
1 16 -130 0 -10 -0.382683 0 -0.92388 0 1 0 0.92388 0 -0.382683 plant_cornplant_01.ldr
0 
1 16 -150 0 30 -0.382683 0 -0.92388 0 1 0 0.92388 0 -0.382683 plant_cornplant_03.ldr
1 16 -110 0 30 0.382684 0 0.92388 0 1 0 -0.92388 0 0.382684 plant_cornplant_05.ldr
1 16 -70 0 30 1 0 0 0 1 0 0 0 1 plant_cornplant_01.ldr
1 16 -30 0 30 0.707107 0 0.707107 0 1 0 -0.707107 0 0.707107 plant_cornplant_04.ldr
1 16 10 0 30 0.707107 0 -0.707107 0 1 0 0.707107 0 0.707107 plant_cornplant_01.ldr
1 16 50 0 30 0.707107 0 0.707107 0 1 0 -0.707107 0 0.707107 plant_cornplant_03.ldr
1 16 90 0 30 0.382683 0 -0.92388 0 1 0 0.92388 0 0.382683 plant_cornplant_02.ldr
1 16 130 0 30 0 0 -1 0 1 0 1 0 0 plant_cornplant_03.ldr
1 16 150 0 70 0 0 -1 0 1 0 1 0 0 plant_cornplant_05.ldr
1 16 110 0 70 -0.707107 0 0.707107 0 1 0 -0.707107 0 -0.707107 plant_cornplant_01.ldr
1 16 70 0 70 0.707107 0 0.707107 0 1 0 -0.707107 0 0.707107 plant_cornplant_02.ldr
1 16 30 0 70 0 0 1 0 1 0 -1 0 0 plant_cornplant_04.ldr
1 16 -10 0 70 -0.92388 0 0.382683 0 1 0 -0.382683 0 -0.92388 plant_cornplant_01.ldr
1 16 -50 0 70 0.382683 0 0.92388 0 1 0 -0.92388 0 0.382683 plant_cornplant_04.ldr
1 16 -90 0 70 0.92388 0 0.382683 0 1 0 -0.382683 0 0.92388 plant_cornplant_02.ldr
1 16 -130 0 70 0.92388 0 -0.382683 0 1 0 0.382683 0 0.92388 plant_cornplant_02.ldr
0 
1 16 -150 0 110 0 0 -1 0 1 0 1 0 0 plant_cornplant_03.ldr
1 16 -110 0 110 1 0 0 0 1 0 0 0 1 plant_cornplant_04.ldr
1 16 -70 0 110 -0.707107 0 -0.707107 0 1 0 0.707107 0 -0.707107 plant_cornplant_01.ldr
1 16 -30 0 110 -0.707107 0 -0.707107 0 1 0 0.707107 0 -0.707107 plant_cornplant_02.ldr
1 16 10 0 110 -0.707107 0 0.707107 0 1 0 -0.707107 0 -0.707107 plant_cornplant_05.ldr
1 16 50 0 110 -0.707107 0 0.707107 0 1 0 -0.707107 0 -0.707107 plant_cornplant_03.ldr
1 16 90 0 110 0.382683 0 -0.92388 0 1 0 0.92388 0 0.382683 plant_cornplant_01.ldr
1 16 130 0 110 -1 0 0 0 1 0 0 0 -1 plant_cornplant_01.ldr
1 16 150 0 150 0.707107 0 0.707107 0 1 0 -0.707107 0 0.707107 plant_cornplant_02.ldr
1 16 110 0 150 0.707107 0 -0.707107 0 1 0 0.707107 0 0.707107 plant_cornplant_05.ldr
1 16 70 0 150 1 0 0 0 1 0 0 0 1 plant_cornplant_03.ldr
1 16 30 0 150 0 0 -1 0 1 0 1 0 0 plant_cornplant_04.ldr
1 16 -10 0 150 0 0 1 0 1 0 -1 0 0 plant_cornplant_01.ldr
1 16 -50 0 150 0.707107 0 0.707107 0 1 0 -0.707107 0 0.707107 plant_cornplant_02.ldr
1 16 -90 0 150 0.707107 0 0.707107 0 1 0 -0.707107 0 0.707107 plant_cornplant_04.ldr
1 16 -130 0 150 0.707107 0 -0.707107 0 1 0 0.707107 0 0.707107 plant_cornplant_02.ldr
0 
0
